1 -0.08 -0.08 0
2 0.12 0.02 0.1
3 0.52 0.186667 0.176383
4 0.6 0.29 0.161967
5 0.68 0.368 0.147729
6 0.76 0.433333 0.137178
7 0.88 0.497143 0.132336
8 0.96 0.555 0.128383
9 1 0.604444 0.123548
10 1 0.644 0.117371
11 1 0.676364 0.11099
12 1 0.703333 0.104847
13 1 0.726154 0.0991085
14 1 0.745714 0.0938184
15 1 0.762667 0.0889701
16 1 0.7775 0.0845355
17 1 0.790588 0.0804787
18 1 0.802222 0.0767628
19 1 0.812632 0.0733526
20 1 0.822 0.0702162
21 1 0.830476 0.0673246
22 1 0.838182 0.0646524
23 1 0.845217 0.0621768
24 1 0.851667 0.0598781
25 1 0.8576 0.0577387
26 1 0.863077 0.0557433
27 1 0.868148 0.0538782
28 1 0.872857 0.0521314
29 1 0.877241 0.0504924
30 1 0.881333 0.0489516
31 1 0.885161 0.0475007
32 1 0.88875 0.0461322
33 1 0.892121 0.0448393
34 1 0.895294 0.043616
35 1 0.898286 0.0424571
36 1 0.901111 0.0413575
37 1 0.903784 0.0403129
38 0.88 0.903158 0.0392427
39 0.92 0.90359 0.0382256
40 0.84 0.902 0.0372916
41 0.88 0.901463 0.0363747
42 0.92 0.901905 0.0355008
43 0.92 0.902326 0.0346679
44 0.96 0.903636 0.0338962
45 0.88 0.903111 0.0331386
46 0.92 0.903478 0.0324122
47 1 0.905532 0.0317815
48 1 0.9075 0.0311746
49 1 0.909388 0.03059
50 1 0.9112 0.0300267
51 1 0.912941 0.0294835
52 1 0.914615 0.0289594
53 1 0.916226 0.0284534
54 1 0.917778 0.0279646
55 1 0.919273 0.0274921
56 1 0.920714 0.0270352
57 1 0.922105 0.026593
58 1 0.923448 0.026165
59 1 0.924746 0.0257504
60 1 0.926 0.0253486
61 1 0.927213 0.0249591
62 1 0.928387 0.0245813
63 1 0.929524 0.0242147
64 0.92 0.929375 0.0238338
65 0.88 0.928615 0.0234765
66 0.84 0.927273 0.0231571
67 0.72 0.924179 0.0230177
68 0.52 0.918235 0.0234427
69 0.48 0.911884 0.0239576
70 0.52 0.906286 0.0242675
71 0.4 0.899155 0.0249634
72 0.48 0.893333 0.0252933
73 0.32 0.885479 0.0261516
74 0.28 0.877297 0.0270623
75 0.32 0.869867 0.0277138
76 0.4 0.863684 0.0280368
77 0.2 0.855065 0.0289817
78 0.2 0.846667 0.029815
79 0.12 0.837468 0.0308389
80 0.12 0.8285 0.0317442
81 0.2 0.820741 0.0322958
82 0.28 0.814146 0.032574
83 0.24 0.807229 0.0329142
84 0.32 0.801429 0.0330333
85 0.48 0.797647 0.0328606
86 0.52 0.794419 0.0326364
87 0.56 0.791724 0.0323714
88 0.4 0.787273 0.0323095
89 0.48 0.78382 0.0321305
90 0.52 0.780889 0.0319064
91 0.4 0.776703 0.0318302
92 0.4 0.772609 0.0317475
93 0.4 0.768602 0.0316588
94 0.24 0.762979 0.031821
95 0.36 0.758737 0.0317688
96 0.32 0.754167 0.0317666
97 0.32 0.749691 0.0317544
98 0.36 0.745714 0.0316793
99 0.44 0.742626 0.0315093
100 0.4 0.7392 0.0313803
101 0.56 0.737426 0.0311186
102 0.56 0.735686 0.0308611
103 0.48 0.733204 0.0306607
104 0.28 0.728846 0.0306755
105 0.28 0.724571 0.0306812
106 0.04 0.718113 0.031069
107 0 0.711402 0.0315005
108 0.16 0.706296 0.0316224
109 -0.04 0.69945 0.0320703
110 0.04 0.693455 0.032338
111 -0.04 0.686847 0.0327195
112 -0.08 0.68 0.033141
113 -0.12 0.67292 0.0336007
114 -0.08 0.666316 0.0339532
115 -0.08 0.659826 0.0342767
116 -0.08 0.653448 0.0345732
117 0.04 0.648205 0.0346752
118 -0.04 0.642373 0.0348712
119 -0.04 0.636639 0.0350492
120 -0.12 0.630333 0.0353232
121 -0.04 0.624793 0.0354654
122 -0.04 0.619344 0.0355931
123 -0.08 0.613659 0.0357575
124 -0.16 0.607419 0.0360125
125 0.04 0.60288 0.0360105
126 0.04 0.598413 0.0360018
127 0.12 0.594646 0.0359153
128 0.12 0.590938 0.0358261
129 0.08 0.586977 0.0357672
130 0.16 0.583692 0.0356427
131 0.16 0.580458 0.0355171
132 0.28 0.578182 0.0353205
133 0.2 0.575338 0.035169
134 0.4 0.57403 0.0349301
135 0.4 0.572741 0.0346943
136 0.4 0.571471 0.0344617
137 0.32 0.569635 0.0342584
138 0.44 0.568696 0.0340223
139 0.6 0.568921 0.0337774
140 0.64 0.569429 0.0335391
141 0.56 0.569362 0.0333004
142 0.52 0.569014 0.0330669
143 0.56 0.568951 0.0328349
144 0.6 0.569167 0.0326068
145 0.6 0.569379 0.0323819
146 0.64 0.569863 0.0321629
147 0.68 0.570612 0.0319522
148 0.56 0.570541 0.0317356
149 0.52 0.570201 0.0315237
150 0.44 0.569333 0.0313249
151 0.44 0.568477 0.0311286
152 0.44 0.567632 0.0309346
153 0.48 0.567059 0.0307371
154 0.48 0.566494 0.0305421
155 0.48 0.565935 0.0303495
156 0.6 0.566154 0.0301552
157 0.72 0.567134 0.0299785
158 0.76 0.568354 0.0298132
159 0.76 0.56956 0.0296496
160 0.76 0.57075 0.0294877
161 0.84 0.572422 0.0293517
162 0.88 0.574321 0.0292316
163 0.84 0.575951 0.0290974
164 0.84 0.577561 0.0289643
165 0.84 0.579152 0.0288321
166 0.68 0.579759 0.0286643
167 0.56 0.579641 0.0284924
168 0.56 0.579524 0.0283225
169 0.56 0.579408 0.0281547
170 0.48 0.578824 0.0279947
171 0.48 0.578246 0.0278365
172 0.52 0.577907 0.0276762
173 0.44 0.57711 0.0275273
174 0.44 0.576322 0.02738
175 0.52 0.576 0.027225
176 0.52 0.575682 0.0270718
177 0.48 0.575141 0.0269238
178 0.64 0.575506 0.0267746
179 0.6 0.575642 0.026625
180 0.6 0.575778 0.026477
181 0.6 0.575912 0.0263306
182 0.64 0.576264 0.0261879
183 0.52 0.575956 0.0260462
184 0.4 0.575 0.0259219
185 0.28 0.573405 0.0258307
186 0.28 0.571828 0.0257398
187 0.16 0.569626 0.0256964
188 0.2 0.56766 0.0256348
189 0.2 0.565714 0.0255729
190 0.32 0.564421 0.0254708
191 0.28 0.562932 0.0253808
192 0.44 0.562292 0.0252564
193 0.36 0.561244 0.0251471
194 0.36 0.560206 0.0250386
195 0.4 0.559385 0.0249234
196 0.4 0.558571 0.0248093
197 0.44 0.55797 0.0246903
198 0.44 0.557374 0.0245726
199 0.28 0.55598 0.0244885
200 0.32 0.5548 0.0243943
201 0.32 0.553632 0.0243007
202 0.28 0.552277 0.024218
203 0.2 0.550542 0.0241608
204 0.16 0.548627 0.0241182
205 0.28 0.547317 0.024036
206 0.32 0.546214 0.0239445
207 0.32 0.545121 0.0238536
208 0.28 0.543846 0.0237728
209 0.36 0.542967 0.0236751
210 0.48 0.542667 0.023564
211 0.44 0.54218 0.0234571
212 0.36 0.541321 0.023362
213 0.28 0.540094 0.0232844
214 0.24 0.538692 0.0232178
215 0.2 0.537116 0.0231631
216 0.16 0.53537 0.0231217
217 0.24 0.534009 0.0230551
218 0.2 0.532477 0.0230002
219 0.24 0.531142 0.0229338
220 0.24 0.529818 0.0228677
221 0.28 0.528688 0.022792
222 0.24 0.527387 0.0227264
223 0.16 0.52574 0.0226841
224 0.08 0.52375 0.0226701
225 0.2 0.522311 0.022615
226 0.16 0.520708 0.0225717
227 0.16 0.519119 0.0225281
228 0.28 0.51807 0.0224536
229 0.24 0.516856 0.0223883
230 0.2 0.515478 0.0223333
231 0.24 0.514286 0.0222683
232 0.24 0.513103 0.0222036
233 0.32 0.512275 0.0221237
234 0.32 0.511453 0.0220442
235 0.4 0.510979 0.0219554
236 0.52 0.511017 0.0218622
237 0.56 0.511224 0.0217707
238 0.6 0.511597 0.0216823
239 0.52 0.511632 0.0215914
240 0.4 0.511167 0.0215062
241 0.44 0.510871 0.0214189
242 0.4 0.510413 0.0213351
243 0.36 0.509794 0.0212561
244 0.44 0.509508 0.0211708
245 0.28 0.508571 0.021105
246 0.32 0.507805 0.021033
247 0.44 0.50753 0.0209495
248 0.44 0.507258 0.0208666
249 0.6 0.507631 0.0207859
250 0.72 0.50848 0.0207201
251 0.64 0.509004 0.020644
252 0.68 0.509683 0.0205731
253 0.68 0.510356 0.0205027
254 0.68 0.511024 0.0204327
255 0.56 0.511216 0.0203533
256 0.68 0.511875 0.0202844
257 0.64 0.512374 0.0202115
258 0.68 0.513023 0.0201435
259 0.76 0.513977 0.0200882
260 0.68 0.514615 0.020021
261 0.72 0.515402 0.0199596
262 0.72 0.516183 0.0198986
263 0.76 0.51711 0.0198445
264 0.56 0.517273 0.0197698
265 0.44 0.516981 0.0196972
266 0.36 0.516391 0.0196319
267 0.32 0.515655 0.0195721
268 0.2 0.514478 0.0195345
269 0.12 0.513011 0.0195169
270 0.16 0.511704 0.0194884
271 0.12 0.510258 0.01947
272 0.2 0.509118 0.0194318
273 0.24 0.508132 0.0193856
274 0.28 0.507299 0.0193327
275 0.16 0.506036 0.0193036
276 0.16 0.504783 0.0192743
277 0.08 0.503249 0.0192658
278 0.04 0.501583 0.0192685
279 0.04 0.499928 0.0192705
280 0.08 0.498429 0.01926
281 0.08 0.49694 0.019249
282 0.04 0.495319 0.019249
283 0.12 0.493993 0.0192266
284 0.08 0.492535 0.0192142
285 0.08 0.491088 0.0192013
286 0.12 0.48979 0.019178
287 0.12 0.488502 0.0191544
288 -0.04 0.486667 0.0191758
289 -0.08 0.484706 0.0192097
290 -0.08 0.482759 0.0192421
291 0 0.4811 0.0192475
292 0.04 0.479589 0.0192409
293 0.04 0.478089 0.0192337
294 0.12 0.476871 0.0192068
295 0.2 0.475932 0.0191646
296 0.24 0.475135 0.0191164
297 0.12 0.473939 0.0190894
298 0.04 0.472483 0.0190809
299 -0.04 0.470769 0.019094
300 0.04 0.469333 0.0190844
301 0.16 0.468306 0.0190486
302 0.24 0.46755 0.0190005
303 0.08 0.466271 0.0189808
304 0.04 0.464868 0.0189701
305 0.12 0.463738 0.0189416
306 0.04 0.462353 0.0189303
307 0.04 0.460977 0.0189187
308 -0.04 0.459351 0.0189272
309 0.04 0.457994 0.0189146
310 0.08 0.456774 0.0188928
311 0.04 0.455434 0.0188796
312 0 0.453974 0.0188755
313 0.08 0.45278 0.018853
314 -0.04 0.45121 0.0188583
315 0.12 0.450159 0.0188277
316 -0.12 0.448354 0.0188546
317 -0.16 0.446435 0.0188927
318 0 0.445031 0.0188855
319 -0.2 0.443009 0.0189344
320 -0.12 0.44125 0.018957
321 -0.08 0.439626 0.0189675
322 -0.04 0.438137 0.0189671
323 -0.04 0.436656 0.0189661
324 0 0.435309 0.0189555
325 0.08 0.434215 0.0189286
326 0.16 0.433374 0.0188892
327 0.32 0.433028 0.0188346
328 0.32 0.432683 0.0187802
329 0.44 0.432705 0.0187231
330 0.4 0.432606 0.0186665
331 0.32 0.432266 0.0186131
332 0.2 0.431566 0.0185702
333 0.28 0.431111 0.0185199
334 0.4 0.431018 0.0184646
335 0.52 0.431284 0.0184113
336 0.56 0.431667 0.0183605
337 0.6 0.432166 0.0183127
338 0.52 0.432426 0.0182603
339 0.52 0.432684 0.0182082
340 0.44 0.432706 0.0181546
341 0.36 0.432493 0.0181025
342 0.36 0.432281 0.0180507
343 0.4 0.432187 0.0179983
344 0.36 0.431977 0.0179471
345 0.56 0.432348 0.0178989
346 0.56 0.432717 0.0178509
347 0.72 0.433545 0.0178186
348 0.72 0.434368 0.0177864
349 0.68 0.435072 0.0177493
350 0.72 0.435886 0.0177172
351 0.68 0.436581 0.0176804
352 0.72 0.437386 0.0176484
353 0.84 0.438527 0.0176353
354 0.72 0.439322 0.0176034
355 0.72 0.440113 0.0175715
356 0.68 0.440787 0.017535
357 0.76 0.441681 0.0175087
358 0.8 0.442682 0.0174884
359 0.88 0.4439 0.0174821
360 0.76 0.444778 0.0174556
361 0.64 0.445319 0.0174155
362 0.76 0.446188 0.0173891
363 0.8 0.447163 0.0173685
364 0.72 0.447912 0.0173369
365 0.76 0.448767 0.0173105
366 0.76 0.449617 0.0172841
367 0.64 0.450136 0.0172447
368 0.64 0.450652 0.0172055
369 0.56 0.450949 0.0171614
370 0.6 0.451351 0.0171197
371 0.56 0.451644 0.017076
372 0.56 0.451935 0.0170325
373 0.56 0.452225 0.0169893
374 0.56 0.452513 0.0169462
375 0.56 0.4528 0.0169034
376 0.44 0.452766 0.0168584
377 0.32 0.452414 0.0168173
378 0.32 0.452063 0.0167764
379 0.16 0.451293 0.0167499
380 0.08 0.450316 0.0167343
381 0.08 0.449344 0.0167186
382 0.16 0.448586 0.0166919
383 0.2 0.447937 0.0166609
384 0.16 0.447188 0.0166344
385 0.24 0.446649 0.0165999
386 0.24 0.446114 0.0165655
387 0.28 0.445685 0.0165282
388 0.24 0.445155 0.016494
389 0.28 0.44473 0.0164571
390 0.32 0.44441 0.0164179
391 0.4 0.444297 0.0163763
392 0.4 0.444184 0.0163348
393 0.52 0.444377 0.0162944
394 0.44 0.444365 0.016253
395 0.44 0.444354 0.0162118
396 0.44 0.444343 0.0161708
397 0.48 0.444433 0.0161302
398 0.44 0.444422 0.0160897
399 0.4 0.444311 0.0160497
400 0.52 0.4445 0.0160106
401 0.6 0.444888 0.0159754
402 0.52 0.445075 0.0159367
403 0.6 0.445459 0.0159017
404 0.6 0.445842 0.0158669
405 0.68 0.44642 0.0158383
406 0.72 0.447094 0.0158136
407 0.68 0.447666 0.015785
408 0.76 0.448431 0.0157649
409 0.68 0.448998 0.0157365
410 0.76 0.449756 0.0157164
411 0.84 0.450706 0.0157068
412 0.72 0.451359 0.0156823
413 0.72 0.45201 0.0156578
414 0.68 0.45256 0.0156296
415 0.72 0.453205 0.0156052
416 0.76 0.453942 0.0155851
417 0.88 0.454964 0.0155812
418 0.8 0.455789 0.0155658
419 1 0.457088 0.0155828
420 1 0.458381 0.0155993
421 1 0.459667 0.0156153
422 1 0.460948 0.0156308
423 1 0.462222 0.0156458
424 1 0.463491 0.0156603
425 1 0.464753 0.0156743
426 1 0.466009 0.0156879
427 1 0.46726 0.015701
428 1 0.468505 0.0157136
429 1 0.469744 0.0157258
430 1 0.470977 0.0157376
431 1 0.472204 0.015749
432 1 0.473426 0.0157599
433 1 0.474642 0.0157704
434 1 0.475853 0.0157805
435 1 0.477057 0.0157903
436 1 0.478257 0.0157996
437 1 0.479451 0.0158085
438 1 0.480639 0.0158171
439 1 0.481822 0.0158253
440 1 0.483 0.0158332
441 1 0.484172 0.0158407
442 1 0.485339 0.0158478
443 1 0.486501 0.0158546
444 1 0.487658 0.0158611
445 1 0.488809 0.0158673
446 1 0.489955 0.0158731
447 1 0.491096 0.0158786
448 1 0.492232 0.0158838
449 1 0.493363 0.0158886
450 1 0.494489 0.0158932
451 1 0.49561 0.0158975
452 1 0.496726 0.0159015
453 1 0.497837 0.0159052
454 1 0.498943 0.0159086
455 1 0.500044 0.0159118
456 1 0.50114 0.0159147
457 1 0.502232 0.0159173
458 1 0.503319 0.0159196
459 1 0.504401 0.0159217
460 1 0.505478 0.0159236
461 1 0.506551 0.0159251
462 1 0.507619 0.0159265
463 1 0.508683 0.0159276
464 1 0.509741 0.0159285
465 1 0.510796 0.0159291
466 1 0.511845 0.0159295
467 1 0.512891 0.0159297
468 1 0.513932 0.0159297
469 1 0.514968 0.0159294
470 1 0.516 0.015929
471 1 0.517028 0.0159283
472 1 0.518051 0.0159274
473 1 0.51907 0.0159263
474 1 0.520084 0.015925
475 1 0.521095 0.0159236
476 1 0.522101 0.0159219
477 1 0.523103 0.01592
478 1 0.5241 0.015918
479 1 0.525094 0.0159158
480 1 0.526083 0.0159134
481 1 0.527069 0.0159108
482 1 0.52805 0.015908
483 1 0.529027 0.0159051
484 1 0.53 0.015902
485 1 0.530969 0.0158987
486 1 0.531934 0.0158953
487 1 0.532895 0.0158917
488 1 0.533852 0.015888
489 1 0.534806 0.0158841
490 1 0.535755 0.0158801
491 1 0.536701 0.0158759
492 1 0.537642 0.0158715
493 1 0.53858 0.015867
494 1 0.539514 0.0158624
495 1 0.540444 0.0158576
496 1 0.541371 0.0158527
497 1 0.542294 0.0158477
498 1 0.543213 0.0158425
499 1 0.544128 0.0158372
500 1 0.54504 0.0158318
501 1 0.545948 0.0158262
502 1 0.546853 0.0158206
503 1 0.547753 0.0158148
504 1 0.548651 0.0158088
505 1 0.549545 0.0158028
506 1 0.550435 0.0157966
507 1 0.551321 0.0157904
508 1 0.552205 0.015784
509 1 0.553084 0.0157775
510 1 0.553961 0.0157709
511 1 0.554834 0.0157642
512 1 0.555703 0.0157574
513 1 0.556569 0.0157504
514 1 0.557432 0.0157434
515 1 0.558291 0.0157363
516 1 0.559147 0.0157291
517 1 0.56 0.0157218
518 1 0.560849 0.0157144
519 1 0.561696 0.0157069
520 1 0.562538 0.0156993
521 1 0.563378 0.0156916
522 1 0.564215 0.0156838
523 1 0.565048 0.015676
524 1 0.565878 0.015668
525 1 0.566705 0.01566
526 1 0.567529 0.0156519
527 1 0.568349 0.0156437
528 1 0.569167 0.0156354
529 1 0.569981 0.0156271
530 1 0.570792 0.0156187
531 1 0.571601 0.0156102
532 1 0.572406 0.0156016
533 1 0.573208 0.0155929
534 1 0.574007 0.0155842
535 1 0.574804 0.0155754
536 1 0.575597 0.0155666
537 1 0.576387 0.0155576
538 1 0.577175 0.0155487
539 1 0.577959 0.0155396
540 1 0.578741 0.0155305
541 1 0.579519 0.0155213
542 1 0.580295 0.015512
543 1 0.581068 0.0155027
544 1 0.581838 0.0154933
545 1 0.582606 0.0154839
546 1 0.58337 0.0154744
547 1 0.584132 0.0154649
548 1 0.584891 0.0154553
549 1 0.585647 0.0154456
550 1 0.5864 0.0154359
551 1 0.587151 0.0154261
552 1 0.587899 0.0154163
553 1 0.588644 0.0154064
554 1 0.589386 0.0153965
555 1 0.590126 0.0153866
556 1 0.590863 0.0153765
557 1 0.591598 0.0153665
558 1 0.59233 0.0153564
559 1 0.593059 0.0153462
560 1 0.593786 0.015336
561 1 0.59451 0.0153258
562 1 0.595231 0.0153155
563 1 0.59595 0.0153051
564 1 0.596667 0.0152948
565 1 0.597381 0.0152843
566 1 0.598092 0.0152739
567 1 0.598801 0.0152634
568 1 0.599507 0.0152529
569 1 0.600211 0.0152423
570 1 0.600912 0.0152317
571 1 0.601611 0.015221
572 1 0.602308 0.0152104
573 1 0.603002 0.0151996
574 1 0.603693 0.0151889
575 1 0.604383 0.0151781
576 1 0.605069 0.0151673
577 1 0.605754 0.0151565
578 1 0.606436 0.0151456
579 1 0.607116 0.0151347
580 1 0.607793 0.0151237
581 1 0.608468 0.0151128
582 1 0.609141 0.0151018
583 1 0.609811 0.0150907
584 1 0.610479 0.0150797
585 1 0.611145 0.0150686
586 1 0.611809 0.0150575
587 1 0.61247 0.0150464
588 1 0.613129 0.0150352
589 0.88 0.613582 0.0150165
590 1 0.614237 0.0150053
591 1 0.61489 0.0149941
592 1 0.615541 0.0149829
593 1 0.616189 0.0149717
594 1 0.616835 0.0149604
595 1 0.617479 0.0149491
596 1 0.618121 0.0149378
597 1 0.61876 0.0149265
598 1 0.619398 0.0149151
599 1 0.620033 0.0149037
600 1 0.620667 0.0148924
601 1 0.621298 0.0148809
602 1 0.621927 0.0148695
603 1 0.622554 0.0148581
604 1 0.623179 0.0148466
605 1 0.623802 0.0148351
606 1 0.624422 0.0148236
607 1 0.625041 0.0148121
608 1 0.625658 0.0148006
609 1 0.626273 0.0147891
610 1 0.626885 0.0147775
611 1 0.627496 0.0147659
612 1 0.628105 0.0147543
613 1 0.628711 0.0147427
614 1 0.629316 0.0147311
615 1 0.629919 0.0147195
616 1 0.630519 0.0147079
617 0.92 0.630989 0.0146915
618 0.92 0.631456 0.0146752
619 0.88 0.631858 0.0146569
620 0.92 0.632323 0.0146406
621 0.96 0.63285 0.0146266
622 0.96 0.633376 0.0146125
623 0.88 0.633772 0.0145944
624 0.96 0.634295 0.0145804
625 1 0.63488 0.0145688
626 1 0.635463 0.0145572
627 1 0.636045 0.0145456
628 1 0.636624 0.0145339
629 1 0.637202 0.0145223
630 1 0.637778 0.0145107
631 1 0.638352 0.014499
632 1 0.638924 0.0144874
633 1 0.639494 0.0144757
634 1 0.640063 0.014464
635 1 0.64063 0.0144524
636 1 0.641195 0.0144407
637 1 0.641758 0.014429
638 1 0.64232 0.0144173
639 1 0.642879 0.0144056
640 1 0.643438 0.0143939
641 1 0.643994 0.0143822
642 1 0.644548 0.0143705
643 1 0.645101 0.0143587
644 1 0.645652 0.014347
645 1 0.646202 0.0143353
646 1 0.646749 0.0143236
647 1 0.647295 0.0143118
648 1 0.64784 0.0143001
649 1 0.648382 0.0142883
650 1 0.648923 0.0142766
651 1 0.649462 0.0142648
652 1 0.65 0.0142531
653 1 0.650536 0.0142413
654 1 0.65107 0.0142296
655 1 0.651603 0.0142178
656 1 0.652134 0.0142061
657 1 0.652664 0.0141943
658 1 0.653191 0.0141825
659 1 0.653718 0.0141708
660 1 0.654242 0.014159
661 1 0.654766 0.0141472
662 1 0.655287 0.0141355
663 1 0.655807 0.0141237
664 1 0.656325 0.014112
665 1 0.656842 0.0141002
666 1 0.657357 0.0140884
667 1 0.657871 0.0140767
668 1 0.658383 0.0140649
669 1 0.658894 0.0140532
670 1 0.659403 0.0140414
671 1 0.659911 0.0140296
672 1 0.660417 0.0140179
673 1 0.660921 0.0140061
674 1 0.661424 0.0139944
675 1 0.661926 0.0139826
676 1 0.662426 0.0139709
677 0.96 0.662866 0.0139572
678 1 0.663363 0.0139454
679 1 0.663859 0.0139337
680 1 0.664353 0.013922
681 1 0.664846 0.0139102
682 1 0.665337 0.0138985
683 1 0.665827 0.0138868
684 1 0.666316 0.0138751
685 1 0.666803 0.0138634
686 1 0.667289 0.0138517
687 1 0.667773 0.01384
688 1 0.668256 0.0138283
689 1 0.668737 0.0138166
690 1 0.669217 0.0138049
691 1 0.669696 0.0137932
692 1 0.670173 0.0137815
693 1 0.670649 0.0137699
694 1 0.671124 0.0137582
695 1 0.671597 0.0137465
696 1 0.672069 0.0137349
697 1 0.672539 0.0137232
698 1 0.673009 0.0137116
699 1 0.673476 0.0136999
700 1 0.673943 0.0136883
701 1 0.674408 0.0136767
702 1 0.674872 0.013665
703 1 0.675334 0.0136534
704 1 0.675795 0.0136418
705 1 0.676255 0.0136302
706 1 0.676714 0.0136186
707 1 0.677171 0.013607
708 1 0.677627 0.0135954
709 1 0.678082 0.0135839
710 1 0.678535 0.0135723
711 1 0.678987 0.0135607
712 1 0.679438 0.0135492
713 1 0.679888 0.0135376
714 1 0.680336 0.0135261
715 1 0.680783 0.0135146
716 1 0.681229 0.013503
717 1 0.681674 0.0134915
718 1 0.682117 0.01348
719 1 0.682559 0.0134685
720 1 0.683 0.013457
721 1 0.68344 0.0134455
722 1 0.683878 0.013434
723 1 0.684315 0.0134226
724 1 0.684751 0.0134111
725 1 0.685186 0.0133996
726 1 0.68562 0.0133882
727 1 0.686052 0.0133768
728 1 0.686484 0.0133653
729 1 0.686914 0.0133539
730 1 0.687342 0.0133425
731 1 0.68777 0.0133311
732 1 0.688197 0.0133197
733 1 0.688622 0.0133083
734 1 0.689046 0.013297
735 1 0.689469 0.0132856
736 1 0.689891 0.0132742
737 1 0.690312 0.0132629
738 1 0.690732 0.0132515
739 1 0.69115 0.0132402
740 1 0.691568 0.0132289
741 1 0.691984 0.0132176
742 1 0.692399 0.0132063
743 1 0.692813 0.013195
744 1 0.693226 0.0131837
745 1 0.693638 0.0131725
746 1 0.694048 0.0131612
747 1 0.694458 0.0131499
748 1 0.694866 0.0131387
749 1 0.695274 0.0131275
750 1 0.69568 0.0131162
751 1 0.696085 0.013105
752 1 0.696489 0.0130938
753 1 0.696892 0.0130826
754 1 0.697294 0.0130715
755 1 0.697695 0.0130603
756 1 0.698095 0.0130491
757 1 0.698494 0.013038
758 1 0.698892 0.0130269
759 1 0.699289 0.0130157
760 1 0.699684 0.0130046
761 1 0.700079 0.0129935
762 1 0.700472 0.0129824
763 1 0.700865 0.0129713
764 1 0.701257 0.0129603
765 1 0.701647 0.0129492
766 1 0.702037 0.0129381
767 1 0.702425 0.0129271
768 1 0.702812 0.0129161
769 1 0.703199 0.012905
770 1 0.703584 0.012894
771 1 0.703969 0.012883
772 1 0.704352 0.0128721
773 1 0.704735 0.0128611
774 1 0.705116 0.0128501
775 1 0.705497 0.0128392
776 1 0.705876 0.0128282
777 1 0.706255 0.0128173
778 1 0.706632 0.0128064
779 1 0.707009 0.0127955
780 1 0.707385 0.0127846
781 1 0.707759 0.0127737
782 1 0.708133 0.0127628
783 1 0.708506 0.012752
784 1 0.708878 0.0127411
785 1 0.709248 0.0127303
786 1 0.709618 0.0127194
787 1 0.709987 0.0127086
788 1 0.710355 0.0126978
789 1 0.710722 0.012687
790 1 0.711089 0.0126763
791 1 0.711454 0.0126655
792 1 0.711818 0.0126547
793 1 0.712182 0.012644
794 1 0.712544 0.0126333
795 1 0.712906 0.0126225
796 1 0.713266 0.0126118
797 1 0.713626 0.0126011
798 1 0.713985 0.0125904
799 1 0.714343 0.0125798
800 1 0.7147 0.0125691
801 1 0.715056 0.0125585
802 1 0.715411 0.0125478
803 1 0.715766 0.0125372
804 1 0.716119 0.0125266
805 1 0.716472 0.012516
806 1 0.716824 0.0125054
807 1 0.717175 0.0124948
808 1 0.717525 0.0124842
809 1 0.717874 0.0124737
810 1 0.718222 0.0124631
811 1 0.71857 0.0124526
812 1 0.718916 0.0124421
813 1 0.719262 0.0124316
814 1 0.719607 0.0124211
815 1 0.719951 0.0124106
816 1 0.720294 0.0124002
817 1 0.720636 0.0123897
818 1 0.720978 0.0123793
819 1 0.721319 0.0123688
820 1 0.721659 0.0123584
821 1 0.721998 0.012348
822 1 0.722336 0.0123376
823 1 0.722673 0.0123272
824 1 0.72301 0.0123169
825 1 0.723345 0.0123065
826 1 0.72368 0.0122961
827 1 0.724015 0.0122858
828 1 0.724348 0.0122755
829 1 0.72468 0.0122652
830 1 0.725012 0.0122549
831 1 0.725343 0.0122446
832 1 0.725673 0.0122343
833 1 0.726002 0.0122241
834 1 0.726331 0.0122138
835 1 0.726659 0.0122036
836 1 0.726986 0.0121934
837 1 0.727312 0.0121832
838 1 0.727637 0.012173
839 1 0.727962 0.0121628
840 1 0.728286 0.0121526
841 1 0.728609 0.0121425
842 1 0.728931 0.0121323
843 1 0.729253 0.0121222
844 1 0.729573 0.012112
845 1 0.729893 0.0121019
846 1 0.730213 0.0120918
847 1 0.730531 0.0120818
848 1 0.730849 0.0120717
849 1 0.731166 0.0120616
850 1 0.731482 0.0120516
851 1 0.731798 0.0120415
852 1 0.732113 0.0120315
853 1 0.732427 0.0120215
854 1 0.73274 0.0120115
855 0.96 0.733006 0.0120004
856 0.96 0.733271 0.0119893
857 0.88 0.733442 0.0119765
858 0.88 0.733613 0.0119638
859 0.8 0.73369 0.0119501
860 0.88 0.73386 0.0119374
861 0.84 0.733984 0.0119242
862 0.68 0.733921 0.0119105
863 0.68 0.733859 0.0118968
864 0.72 0.733843 0.0118831
865 0.8 0.733919 0.0118696
866 0.68 0.733857 0.011856
867 0.68 0.733795 0.0118425
868 0.6 0.733641 0.0118299
869 0.68 0.733579 0.0118164
870 0.6 0.733425 0.0118038
871 0.6 0.733272 0.0117912
872 0.72 0.733257 0.0117777
873 0.64 0.73315 0.0117647
874 0.76 0.733181 0.0117513
875 0.68 0.73312 0.011738
876 0.64 0.733014 0.0117251
877 0.56 0.732816 0.0117134
878 0.4 0.732437 0.0117062
879 0.48 0.73215 0.0116964
880 0.4 0.731773 0.0116891
881 0.52 0.731532 0.0116783
882 0.56 0.731338 0.0116667
883 0.4 0.730963 0.0116595
884 0.44 0.730633 0.011651
885 0.52 0.730395 0.0116403
886 0.68 0.730339 0.0116272
887 0.6 0.730192 0.0116151
888 0.56 0.73 0.0116036
889 0.64 0.729899 0.0115909
890 0.72 0.729888 0.0115779
891 0.64 0.729787 0.0115654
892 0.64 0.729686 0.0115528
893 0.52 0.729451 0.0115423
894 0.48 0.729172 0.0115327
895 0.44 0.728849 0.0115244
896 0.44 0.728527 0.011516
897 0.24 0.727982 0.011516
898 0.2 0.727394 0.0115182
899 0.28 0.726897 0.0115162
900 0.28 0.7264 0.0115141
901 0.4 0.726038 0.011507
902 0.4 0.725676 0.0114999
903 0.44 0.72536 0.0114915
904 0.48 0.725088 0.011482
905 0.52 0.724862 0.0114716
906 0.56 0.72468 0.0114603
907 0.64 0.724587 0.0114481
908 0.56 0.724405 0.0114369
909 0.48 0.724136 0.0114275
910 0.52 0.723912 0.0114171
911 0.56 0.723732 0.011406
912 0.48 0.723465 0.0113966
913 0.6 0.72333 0.0113849
914 0.64 0.723239 0.0113728
915 0.64 0.723148 0.0113608
916 0.68 0.7231 0.0113484
917 0.6 0.722966 0.0113369
918 0.48 0.722702 0.0113276
919 0.52 0.722481 0.0113174
920 0.48 0.722217 0.0113082
921 0.6 0.722085 0.0112967
922 0.72 0.722082 0.0112844
923 0.72 0.72208 0.0112722
924 0.76 0.722121 0.01126
925 0.76 0.722162 0.0112479
926 0.76 0.722203 0.0112359
927 0.8 0.722287 0.011224
928 0.84 0.722414 0.0112127
929 0.92 0.722626 0.0112026
930 0.84 0.722753 0.0111913
931 0.92 0.722965 0.0111812
932 0.8 0.723047 0.0111695
933 0.76 0.723087 0.0111576
934 0.68 0.723041 0.0111458
935 0.8 0.723123 0.0111342
936 0.8 0.723205 0.0111226
937 0.88 0.723372 0.0111119
938 0.88 0.723539 0.0111013
939 0.72 0.723536 0.0110895
940 0.92 0.723745 0.0110797
941 1 0.724038 0.0110718
942 1 0.724331 0.0110639
943 1 0.724624 0.011056
944 1 0.724915 0.0110482
945 1 0.725206 0.0110403
946 1 0.725497 0.0110325
947 1 0.725787 0.0110246
948 1 0.726076 0.0110168
949 1 0.726365 0.011009
950 1 0.726653 0.0110011
951 1 0.72694 0.0109933
952 1 0.727227 0.0109855
953 1 0.727513 0.0109777
954 1 0.727799 0.0109699
955 1 0.728084 0.0109621
956 1 0.728368 0.0109543
957 1 0.728652 0.0109466
958 1 0.728935 0.0109388
959 1 0.729218 0.010931
960 1 0.7295 0.0109233
961 1 0.729781 0.0109156
962 1 0.730062 0.0109078
963 1 0.730343 0.0109001
964 1 0.730622 0.0108924
965 1 0.730902 0.0108847
966 1 0.73118 0.010877
967 1 0.731458 0.0108693
968 1 0.731736 0.0108616
969 1 0.732012 0.0108539
970 1 0.732289 0.0108462
971 1 0.732564 0.0108385
972 1 0.73284 0.0108309
973 1 0.733114 0.0108232
974 1 0.733388 0.0108156
975 1 0.733662 0.0108079
976 1 0.733934 0.0108003
977 1 0.734207 0.0107927
978 1 0.734479 0.0107851
979 1 0.73475 0.0107775
980 1 0.73502 0.0107699
981 1 0.735291 0.0107623
982 1 0.73556 0.0107547
983 1 0.735829 0.0107471
984 1 0.736098 0.0107395
985 1 0.736365 0.010732
986 1 0.736633 0.0107244
987 1 0.7369 0.0107169
988 1 0.737166 0.0107093
989 1 0.737432 0.0107018
990 1 0.737697 0.0106943
991 1 0.737962 0.0106867
992 1 0.738226 0.0106792
993 1 0.738489 0.0106717
994 1 0.738753 0.0106642
995 1 0.739015 0.0106567
996 1 0.739277 0.0106493
997 1 0.739539 0.0106418
998 1 0.7398 0.0106343
999 1 0.74006 0.0106269
1000 1 0.74032 0.0106194
