1 -0.2 -0.2 0
2 -0.36 -0.28 0.08
3 -0.6 -0.386667 0.116237
4 -0.6 -0.44 0.0979796
5 -0.76 -0.504 0.0992774
6 -0.84 -0.56 0.0985224
7 -0.84 -0.6 0.092376
8 -0.92 -0.64 0.0894427
9 -1 -0.68 0.0884433
10 -1 -0.712 0.0853333
11 -1 -0.738182 0.0815065
12 -1 -0.76 0.0775379
13 -1 -0.778462 0.073675
14 -1 -0.794286 0.0700213
15 -1 -0.808 0.0666133
16 -1 -0.82 0.063456
17 -1 -0.830588 0.0605397
18 -1 -0.84 0.0578481
19 -1 -0.848421 0.055363
20 -1 -0.856 0.053066
21 -1 -0.862857 0.0509395
22 -1 -0.869091 0.0489673
23 -1 -0.874783 0.0471348
24 -1 -0.88 0.0454287
25 -1 -0.8848 0.0438373
26 -1 -0.889231 0.0423499
27 -1 -0.893333 0.0409572
28 -1 -0.897143 0.0396508
29 -1 -0.90069 0.0384231
30 -1 -0.904 0.0372676
31 -1 -0.907097 0.0361782
32 -1 -0.91 0.0351495
33 -1 -0.912727 0.0341767
34 -1 -0.915294 0.0332554
35 -1 -0.917714 0.0323819
36 -1 -0.92 0.0315524
37 -1 -0.922162 0.0307639
38 -0.92 -0.922105 0.0299434
39 -0.92 -0.922051 0.0291656
40 -0.92 -0.922 0.0284271
41 -0.92 -0.921951 0.0277252
42 -0.92 -0.921905 0.027057
43 -0.92 -0.92186 0.0264204
44 -0.92 -0.921818 0.0258129
45 -0.92 -0.921778 0.0252328
46 -0.92 -0.921739 0.0246782
47 -1 -0.923404 0.0242048
48 -1 -0.925 0.0237488
49 -1 -0.926531 0.0233094
50 -1 -0.928 0.0228857
51 -1 -0.929412 0.0224768
52 -1 -0.930769 0.0220821
53 -1 -0.932075 0.0217008
54 -1 -0.933333 0.0213323
55 -1 -0.934545 0.0209759
56 -1 -0.935714 0.020631
57 -1 -0.936842 0.0202972
58 -1 -0.937931 0.0199739
59 -1 -0.938983 0.0196606
60 -1 -0.94 0.0193569
61 -1 -0.940984 0.0190623
62 -1 -0.941935 0.0187765
63 -1 -0.942857 0.018499
64 -0.92 -0.9425 0.0182112
65 -0.92 -0.942154 0.0179322
66 -0.92 -0.941818 0.0176616
67 -0.92 -0.941493 0.017399
68 -0.92 -0.941176 0.0171441
69 -0.92 -0.94087 0.0168966
70 -0.92 -0.940571 0.0166562
71 -0.92 -0.940282 0.0164225
72 -0.92 -0.94 0.0161952
73 -0.92 -0.939726 0.0159742
74 -0.92 -0.939459 0.0157591
75 -0.92 -0.9392 0.0155497
76 -0.92 -0.938947 0.0153458
77 -0.92 -0.938701 0.0151472
78 -0.92 -0.938462 0.0149537
79 -0.92 -0.938228 0.014765
80 -0.92 -0.938 0.0145811
81 -0.92 -0.937778 0.0144016
82 -0.84 -0.936585 0.0142748
83 -0.84 -0.935422 0.0141497
84 -0.76 -0.933333 0.0141354
85 -0.84 -0.932235 0.0140112
86 -0.84 -0.931163 0.0138888
87 -0.84 -0.930115 0.0137681
88 -0.84 -0.929091 0.0136492
89 -0.84 -0.92809 0.0135321
90 -0.92 -0.928 0.0133812
91 -0.92 -0.927912 0.0132336
92 -0.92 -0.927826 0.0130893
93 -0.92 -0.927742 0.012948
94 -0.92 -0.92766 0.0128098
95 -0.92 -0.927579 0.0126745
96 -0.92 -0.9275 0.012542
97 -0.92 -0.927423 0.0124123
98 -0.92 -0.927347 0.0122852
99 -0.84 -0.926465 0.0121925
100 -0.84 -0.9256 0.0121009
101 -0.84 -0.924752 0.0120104
102 -0.84 -0.923922 0.011921
103 -0.84 -0.923107 0.0118328
104 -0.84 -0.922308 0.0117457
105 -0.84 -0.921524 0.0116597
106 -0.92 -0.921509 0.0115492
107 -0.92 -0.921495 0.0114407
108 -0.92 -0.921481 0.0113343
109 -0.92 -0.921468 0.0112299
110 -0.92 -0.921455 0.0111273
111 -0.92 -0.921441 0.0110266
112 -0.92 -0.921429 0.0109277
113 -0.92 -0.921416 0.0108306
114 -0.92 -0.921404 0.0107352
115 -0.92 -0.921391 0.0106414
116 -0.92 -0.921379 0.0105493
117 -0.92 -0.921368 0.0104588
118 -0.92 -0.921356 0.0103698
119 -0.92 -0.921345 0.0102822
120 -0.92 -0.921333 0.0101962
121 -0.92 -0.921322 0.0101116
122 -0.92 -0.921311 0.0100284
123 -0.92 -0.921301 0.00994652
124 -0.92 -0.92129 0.00986598
125 -0.92 -0.92128 0.00978674
126 -0.92 -0.92127 0.00970876
127 -0.92 -0.92126 0.00963202
128 -0.92 -0.92125 0.00955648
129 -0.92 -0.92124 0.00948211
130 -0.92 -0.921231 0.0094089
131 -0.92 -0.921221 0.0093368
132 -0.92 -0.921212 0.0092658
133 -0.92 -0.921203 0.00919587
134 -0.92 -0.921194 0.009127
135 -0.92 -0.921185 0.00905914
136 -0.92 -0.921176 0.00899229
137 -0.92 -0.921168 0.00892641
138 -0.92 -0.921159 0.0088615
139 -0.92 -0.921151 0.00879752
140 -0.92 -0.921143 0.00873446
141 -0.92 -0.921135 0.00867229
142 -0.92 -0.921127 0.00861101
143 -0.92 -0.921119 0.00855058
144 -0.92 -0.921111 0.008491
145 -0.92 -0.921103 0.00843224
146 -0.92 -0.921096 0.00837429
147 -0.92 -0.921088 0.00831713
148 -0.92 -0.921081 0.00826074
149 -0.92 -0.921074 0.00820512
150 -0.92 -0.921067 0.00815024
151 -0.92 -0.92106 0.00809609
152 -0.92 -0.921053 0.00804265
153 -0.92 -0.921046 0.00798991
154 -0.92 -0.921039 0.00793786
155 -0.92 -0.921032 0.00788649
156 -0.92 -0.921026 0.00783577
157 -0.92 -0.921019 0.00778571
158 -0.92 -0.921013 0.00773628
159 -0.92 -0.921006 0.00768747
160 -0.92 -0.921 0.00763927
161 -0.92 -0.920994 0.00759168
162 -0.92 -0.920988 0.00754467
163 -0.92 -0.920982 0.00749825
164 -0.92 -0.920976 0.00745239
165 -0.92 -0.92097 0.00740709
166 -0.92 -0.920964 0.00736233
167 -0.92 -0.920958 0.00731812
168 -0.92 -0.920952 0.00727443
169 -0.92 -0.920947 0.00723126
170 -0.92 -0.920941 0.0071886
171 -0.92 -0.920936 0.00714644
172 -0.92 -0.92093 0.00710477
173 -0.92 -0.920925 0.00706358
174 -0.92 -0.92092 0.00702287
175 -0.92 -0.920914 0.00698263
176 -0.92 -0.920909 0.00694284
177 -0.92 -0.920904 0.00690351
178 -0.92 -0.920899 0.00686462
179 -0.92 -0.920894 0.00682616
180 -0.92 -0.920889 0.00678813
181 -0.92 -0.920884 0.00675053
182 -0.92 -0.920879 0.00671334
183 -0.92 -0.920874 0.00667655
184 -0.92 -0.92087 0.00664017
185 -0.92 -0.920865 0.00660418
186 -0.92 -0.92086 0.00656858
187 -0.92 -0.920856 0.00653336
188 -0.92 -0.920851 0.00649852
189 -0.92 -0.920847 0.00646404
190 -0.92 -0.920842 0.00642993
191 -0.92 -0.920838 0.00639618
192 -0.92 -0.920833 0.00636278
193 -0.92 -0.920829 0.00632973
194 -0.92 -0.920825 0.00629702
195 -0.92 -0.920821 0.00626465
196 -0.92 -0.920816 0.0062326
197 -0.92 -0.920812 0.00620089
198 -0.92 -0.920808 0.00616949
199 -0.92 -0.920804 0.00613841
200 -0.92 -0.9208 0.00610764
201 -0.92 -0.920796 0.00607718
202 -0.92 -0.920792 0.00604702
203 -0.92 -0.920788 0.00601716
204 -0.92 -0.920784 0.0059876
205 -0.92 -0.92078 0.00595832
206 -0.92 -0.920777 0.00592933
207 -0.92 -0.920773 0.00590061
208 -0.92 -0.920769 0.00587218
209 -0.92 -0.920766 0.00584401
210 -0.92 -0.920762 0.00581612
211 -0.92 -0.920758 0.00578849
212 -0.92 -0.920755 0.00576112
213 -0.92 -0.920751 0.00573401
214 -0.92 -0.920748 0.00570716
215 -0.92 -0.920744 0.00568055
216 -0.92 -0.920741 0.00565419
217 -0.92 -0.920737 0.00562808
218 -0.92 -0.920734 0.0056022
219 -0.92 -0.920731 0.00557656
220 -0.92 -0.920727 0.00555116
221 -0.92 -0.920724 0.00552598
222 -0.92 -0.920721 0.00550104
223 -0.92 -0.920717 0.00547631
224 -0.92 -0.920714 0.00545181
225 -0.92 -0.920711 0.00542753
226 -0.92 -0.920708 0.00540346
227 -0.92 -0.920705 0.0053796
228 -0.92 -0.920702 0.00535596
229 -0.92 -0.920699 0.00533252
230 -0.92 -0.920696 0.00530929
231 -0.92 -0.920693 0.00528625
232 -0.92 -0.92069 0.00526342
233 -0.92 -0.920687 0.00524078
234 -0.92 -0.920684 0.00521834
235 -0.92 -0.920681 0.00519608
236 -0.92 -0.920678 0.00517402
237 -0.92 -0.920675 0.00515214
238 -0.92 -0.920672 0.00513045
239 -0.92 -0.920669 0.00510894
240 -0.92 -0.920667 0.00508761
241 -0.92 -0.920664 0.00506646
242 -0.92 -0.920661 0.00504548
243 -0.92 -0.920658 0.00502467
244 -0.92 -0.920656 0.00500404
245 -0.92 -0.920653 0.00498357
246 -0.92 -0.92065 0.00496327
247 -0.92 -0.920648 0.00494314
248 -0.92 -0.920645 0.00492317
249 -0.92 -0.920643 0.00490336
250 -0.92 -0.92064 0.0048837
251 -0.92 -0.920637 0.00486421
252 -0.92 -0.920635 0.00484487
253 -0.92 -0.920632 0.00482568
254 -0.92 -0.92063 0.00480665
255 -0.92 -0.920627 0.00478776
256 -0.92 -0.920625 0.00476902
257 -0.92 -0.920623 0.00475043
258 -0.92 -0.92062 0.00473198
259 -0.92 -0.920618 0.00471368
260 -0.92 -0.920615 0.00469551
261 -0.92 -0.920613 0.00467749
262 -0.92 -0.920611 0.0046596
263 -0.92 -0.920608 0.00464185
264 -0.92 -0.920606 0.00462424
265 -0.92 -0.920604 0.00460675
266 -0.92 -0.920602 0.0045894
267 -0.92 -0.920599 0.00457218
268 -0.92 -0.920597 0.00455509
269 -0.92 -0.920595 0.00453813
270 -0.92 -0.920593 0.00452129
271 -0.92 -0.92059 0.00450457
272 -0.92 -0.920588 0.00448798
273 -0.92 -0.920586 0.00447151
274 -0.92 -0.920584 0.00445516
275 -0.92 -0.920582 0.00443893
276 -0.92 -0.92058 0.00442282
277 -0.92 -0.920578 0.00440683
278 -0.92 -0.920576 0.00439095
279 -0.92 -0.920573 0.00437518
280 -0.92 -0.920571 0.00435953
281 -0.92 -0.920569 0.00434399
282 -0.92 -0.920567 0.00432856
283 -0.92 -0.920565 0.00431323
284 -0.92 -0.920563 0.00429802
285 -0.92 -0.920561 0.00428291
286 -0.92 -0.920559 0.00426791
287 -0.92 -0.920557 0.00425302
288 -0.92 -0.920556 0.00423822
289 -0.92 -0.920554 0.00422353
290 -0.92 -0.920552 0.00420894
291 -0.92 -0.92055 0.00419446
292 -0.92 -0.920548 0.00418007
293 -0.92 -0.920546 0.00416578
294 -0.92 -0.920544 0.00415158
295 -0.92 -0.920542 0.00413749
296 -0.92 -0.920541 0.00412349
297 -0.92 -0.920539 0.00410958
298 -0.92 -0.920537 0.00409577
299 -0.92 -0.920535 0.00408204
300 -0.92 -0.920533 0.00406842
301 -0.92 -0.920532 0.00405488
302 -0.92 -0.92053 0.00404143
303 -0.92 -0.920528 0.00402807
304 -0.92 -0.920526 0.0040148
305 -0.92 -0.920525 0.00400161
306 -0.92 -0.920523 0.00398851
307 -0.84 -0.920261 0.00398414
308 -0.84 -0.92 0.00397973
309 -0.92 -0.92 0.00396683
310 -0.92 -0.92 0.00395401
311 -0.92 -0.92 0.00394128
312 -0.92 -0.92 0.00392862
313 -0.92 -0.92 0.00391605
314 -0.92 -0.92 0.00390356
315 -0.92 -0.92 0.00389115
316 -0.92 -0.92 0.00387882
317 -0.92 -0.92 0.00386656
318 -0.92 -0.92 0.00385438
319 -0.92 -0.92 0.00384228
320 -0.92 -0.92 0.00383025
321 -0.92 -0.92 0.0038183
322 -0.92 -0.92 0.00380643
323 -0.92 -0.92 0.00379462
324 -0.92 -0.92 0.00378289
325 -0.92 -0.92 0.00377124
326 -0.92 -0.92 0.00375965
327 -0.92 -0.92 0.00374814
328 -0.92 -0.92 0.00373669
329 -0.92 -0.92 0.00372532
330 -0.92 -0.92 0.00371401
331 -0.92 -0.92 0.00370277
332 -0.92 -0.92 0.0036916
333 -0.92 -0.92 0.0036805
334 -0.92 -0.92 0.00366946
335 -0.92 -0.92 0.00365849
336 -0.92 -0.92 0.00364759
337 -0.92 -0.92 0.00363675
338 -0.92 -0.92 0.00362597
339 -0.92 -0.92 0.00361526
340 -0.92 -0.92 0.00360461
341 -0.92 -0.92 0.00359403
342 -0.92 -0.92 0.0035835
343 -0.92 -0.92 0.00357304
344 -0.92 -0.92 0.00356264
345 -0.92 -0.92 0.0035523
346 -0.92 -0.92 0.00354201
347 -0.92 -0.92 0.00353179
348 -0.92 -0.92 0.00352163
349 -0.92 -0.92 0.00351152
350 -0.92 -0.92 0.00350148
351 -0.92 -0.92 0.00349149
352 -0.92 -0.92 0.00348155
353 -0.92 -0.92 0.00347168
354 -0.92 -0.92 0.00346186
355 -0.92 -0.92 0.00345209
356 -0.92 -0.92 0.00344238
357 -0.92 -0.92 0.00343272
358 -0.84 -0.919777 0.00343041
359 -0.92 -0.919777 0.00342084
360 -0.92 -0.919778 0.00341132
361 -0.92 -0.919778 0.00340186
362 -0.92 -0.919779 0.00339245
363 -0.92 -0.91978 0.00338309
364 -0.92 -0.91978 0.00337378
365 -0.92 -0.919781 0.00336453
366 -0.92 -0.919781 0.00335532
367 -0.92 -0.919782 0.00334617
368 -0.92 -0.919783 0.00333706
369 -0.92 -0.919783 0.00332801
370 -0.92 -0.919784 0.003319
371 -0.92 -0.919784 0.00331004
372 -0.92 -0.919785 0.00330113
373 -0.92 -0.919786 0.00329227
374 -0.92 -0.919786 0.00328346
375 -0.92 -0.919787 0.00327469
376 -0.92 -0.919787 0.00326597
377 -0.92 -0.919788 0.00325729
378 -0.92 -0.919788 0.00324866
379 -0.92 -0.919789 0.00324008
380 -0.92 -0.919789 0.00323154
381 -0.92 -0.91979 0.00322305
382 -0.92 -0.919791 0.0032146
383 -0.92 -0.919791 0.0032062
384 -0.92 -0.919792 0.00319784
385 -0.92 -0.919792 0.00318952
386 -0.92 -0.919793 0.00318125
387 -0.92 -0.919793 0.00317302
388 -0.92 -0.919794 0.00316483
389 -0.92 -0.919794 0.00315668
390 -0.92 -0.919795 0.00314858
391 -0.92 -0.919795 0.00314052
392 -0.92 -0.919796 0.00313249
393 -0.92 -0.919796 0.00312451
394 -0.92 -0.919797 0.00311657
395 -0.92 -0.919797 0.00310867
396 -0.92 -0.919798 0.00310081
397 -0.92 -0.919798 0.00309299
398 -0.92 -0.919799 0.00308521
399 -0.92 -0.919799 0.00307747
400 -0.92 -0.9198 0.00306977
401 -0.92 -0.9198 0.0030621
402 -0.92 -0.919801 0.00305447
403 -0.92 -0.919801 0.00304689
404 -0.92 -0.919802 0.00303933
405 -0.92 -0.919802 0.00303182
406 -0.92 -0.919803 0.00302434
407 -0.92 -0.919803 0.0030169
408 -0.92 -0.919804 0.0030095
409 -0.92 -0.919804 0.00300213
410 -0.92 -0.919805 0.0029948
411 -0.92 -0.919805 0.00298751
412 -0.92 -0.919806 0.00298025
413 -0.92 -0.919806 0.00297302
414 -0.92 -0.919807 0.00296583
415 -0.92 -0.919807 0.00295868
416 -0.92 -0.919808 0.00295156
417 -0.92 -0.919808 0.00294447
418 -0.92 -0.919809 0.00293742
419 -1 -0.92 0.00293664
420 -1 -0.92019 0.00293583
421 -1 -0.92038 0.00293497
422 -1 -0.920569 0.00293408
423 -1 -0.920757 0.00293315
424 -1 -0.920943 0.00293219
425 -1 -0.921129 0.00293119
426 -1 -0.921315 0.00293016
427 -1 -0.921499 0.00292909
428 -1 -0.921682 0.00292799
429 -1 -0.921865 0.00292685
430 -1 -0.922047 0.00292569
431 -1 -0.922227 0.00292449
432 -1 -0.922407 0.00292326
433 -1 -0.922587 0.002922
434 -1 -0.922765 0.00292071
435 -1 -0.922943 0.0029194
436 -1 -0.923119 0.00291805
437 -1 -0.923295 0.00291668
438 -1 -0.92347 0.00291527
439 -1 -0.923645 0.00291384
440 -1 -0.923818 0.00291239
441 -1 -0.923991 0.00291091
442 -1 -0.924163 0.0029094
443 -1 -0.924334 0.00290787
444 -1 -0.924505 0.00290631
445 -1 -0.924674 0.00290473
446 -1 -0.924843 0.00290313
447 -1 -0.925011 0.0029015
448 -1 -0.925179 0.00289986
449 -1 -0.925345 0.00289819
450 -1 -0.925511 0.00289649
451 -1 -0.925676 0.00289478
452 -1 -0.925841 0.00289304
453 -1 -0.926004 0.00289129
454 -1 -0.926167 0.00288951
455 -1 -0.92633 0.00288772
456 -1 -0.926491 0.0028859
457 -1 -0.926652 0.00288407
458 -1 -0.926812 0.00288222
459 -1 -0.926972 0.00288035
460 -1 -0.92713 0.00287846
461 -1 -0.927289 0.00287656
462 -1 -0.927446 0.00287464
463 -1 -0.927603 0.0028727
464 -1 -0.927759 0.00287075
465 -1 -0.927914 0.00286877
466 -1 -0.928069 0.00286679
467 -1 -0.928223 0.00286479
468 -1 -0.928376 0.00286277
469 -1 -0.928529 0.00286074
470 -1 -0.928681 0.00285869
471 -1 -0.928832 0.00285663
472 -1 -0.928983 0.00285456
473 -1 -0.929133 0.00285247
474 -1 -0.929283 0.00285037
475 -1 -0.929432 0.00284826
476 -1 -0.92958 0.00284613
477 -1 -0.929727 0.00284399
478 -1 -0.929874 0.00284184
479 -1 -0.930021 0.00283968
480 -1 -0.930167 0.00283751
481 -1 -0.930312 0.00283532
482 -1 -0.930456 0.00283312
483 -1 -0.9306 0.00283092
484 -1 -0.930744 0.0028287
485 -1 -0.930887 0.00282647
486 -1 -0.931029 0.00282423
487 -1 -0.93117 0.00282198
488 -1 -0.931311 0.00281972
489 -1 -0.931452 0.00281745
490 -1 -0.931592 0.00281517
491 -1 -0.931731 0.00281289
492 -1 -0.93187 0.00281059
493 -1 -0.932008 0.00280829
494 -1 -0.932146 0.00280597
495 -1 -0.932283 0.00280365
496 -1 -0.932419 0.00280132
497 -1 -0.932555 0.00279899
498 -1 -0.932691 0.00279664
499 -1 -0.932826 0.00279429
500 -1 -0.93296 0.00279193
501 -1 -0.933094 0.00278956
502 -1 -0.933227 0.00278719
503 -1 -0.93336 0.00278481
504 -1 -0.933492 0.00278242
505 -1 -0.933624 0.00278003
506 -1 -0.933755 0.00277763
507 -1 -0.933886 0.00277522
508 -1 -0.934016 0.00277281
509 -1 -0.934145 0.00277039
510 -1 -0.934275 0.00276796
511 -1 -0.934403 0.00276553
512 -1 -0.934531 0.0027631
513 -1 -0.934659 0.00276066
514 -1 -0.934786 0.00275821
515 -1 -0.934913 0.00275576
516 -1 -0.935039 0.00275331
517 -1 -0.935164 0.00275085
518 -1 -0.93529 0.00274839
519 -1 -0.935414 0.00274592
520 -1 -0.935538 0.00274344
521 -1 -0.935662 0.00274097
522 -1 -0.935785 0.00273849
523 -1 -0.935908 0.002736
524 -1 -0.936031 0.00273351
525 -1 -0.936152 0.00273102
526 -1 -0.936274 0.00272853
527 -1 -0.936395 0.00272603
528 -1 -0.936515 0.00272352
529 -1 -0.936635 0.00272102
530 -1 -0.936755 0.00271851
531 -1 -0.936874 0.002716
532 -1 -0.936992 0.00271348
533 -1 -0.937111 0.00271097
534 -1 -0.937228 0.00270845
535 -1 -0.937346 0.00270593
536 -1 -0.937463 0.0027034
537 -1 -0.937579 0.00270087
538 -1 -0.937695 0.00269834
539 -1 -0.937811 0.00269581
540 -1 -0.937926 0.00269328
541 -1 -0.938041 0.00269074
542 -1 -0.938155 0.00268821
543 -1 -0.938269 0.00268567
544 -1 -0.938382 0.00268313
545 -1 -0.938495 0.00268058
546 -1 -0.938608 0.00267804
547 -1 -0.93872 0.00267549
548 -1 -0.938832 0.00267295
549 -1 -0.938944 0.0026704
550 -1 -0.939055 0.00266785
551 -1 -0.939165 0.0026653
552 -1 -0.939275 0.00266275
553 -1 -0.939385 0.0026602
554 -1 -0.939495 0.00265765
555 -1 -0.939604 0.00265509
556 -1 -0.939712 0.00265254
557 -1 -0.93982 0.00264998
558 -1 -0.939928 0.00264743
559 -1 -0.940036 0.00264487
560 -1 -0.940143 0.00264231
561 -1 -0.94025 0.00263976
562 -1 -0.940356 0.0026372
563 -1 -0.940462 0.00263464
564 -1 -0.940567 0.00263208
565 -1 -0.940673 0.00262953
566 -1 -0.940777 0.00262697
567 -1 -0.940882 0.00262441
568 -1 -0.940986 0.00262185
569 -1 -0.94109 0.00261929
570 -1 -0.941193 0.00261674
571 -1 -0.941296 0.00261418
572 -1 -0.941399 0.00261162
573 -1 -0.941501 0.00260907
574 -1 -0.941603 0.00260651
575 -1 -0.941704 0.00260395
576 -1 -0.941806 0.0026014
577 -1 -0.941906 0.00259884
578 -1 -0.942007 0.00259629
579 -1 -0.942107 0.00259374
580 -1 -0.942207 0.00259118
581 -1 -0.942306 0.00258863
582 -1 -0.942405 0.00258608
583 -1 -0.942504 0.00258353
584 -1 -0.942603 0.00258098
585 -1 -0.942701 0.00257843
586 -1 -0.942799 0.00257589
587 -1 -0.942896 0.00257334
588 -1 -0.942993 0.0025708
589 -0.92 -0.942954 0.00256672
590 -1 -0.943051 0.00256419
591 -1 -0.943147 0.00256166
592 -1 -0.943243 0.00255914
593 -1 -0.943339 0.00255661
594 -1 -0.943434 0.00255408
595 -1 -0.943529 0.00255156
596 -1 -0.943624 0.00254904
597 -1 -0.943719 0.00254651
598 -1 -0.943813 0.00254399
599 -1 -0.943907 0.00254147
600 -1 -0.944 0.00253896
601 -1 -0.944093 0.00253644
602 -1 -0.944186 0.00253393
603 -1 -0.944279 0.00253141
604 -1 -0.944371 0.0025289
605 -1 -0.944463 0.00252639
606 -1 -0.944554 0.00252388
607 -1 -0.944646 0.00252138
608 -1 -0.944737 0.00251887
609 -1 -0.944828 0.00251637
610 -1 -0.944918 0.00251387
611 -1 -0.945008 0.00251137
612 -1 -0.945098 0.00250887
613 -1 -0.945188 0.00250638
614 -1 -0.945277 0.00250388
615 -1 -0.945366 0.00250139
616 -1 -0.945455 0.0024989
617 -0.92 -0.945413 0.00249519
618 -0.92 -0.945372 0.00249149
619 -0.92 -0.945331 0.0024878
620 -0.92 -0.94529 0.00248412
621 -0.92 -0.94525 0.00248045
622 -0.92 -0.945209 0.00247679
623 -0.92 -0.945169 0.00247314
624 -0.92 -0.945128 0.00246951
625 -1 -0.945216 0.00246711
626 -1 -0.945304 0.00246472
627 -1 -0.945391 0.00246234
628 -1 -0.945478 0.00245995
629 -1 -0.945564 0.00245757
630 -1 -0.945651 0.00245518
631 -1 -0.945737 0.0024528
632 -1 -0.945823 0.00245042
633 -1 -0.945908 0.00244804
634 -1 -0.945994 0.00244567
635 -1 -0.946079 0.00244329
636 -1 -0.946164 0.00244092
637 -1 -0.946248 0.00243855
638 -1 -0.946332 0.00243618
639 -1 -0.946416 0.00243382
640 -1 -0.9465 0.00243145
641 -1 -0.946583 0.00242909
642 -1 -0.946667 0.00242673
643 -1 -0.94675 0.00242438
644 -1 -0.946832 0.00242202
645 -1 -0.946915 0.00241967
646 -1 -0.946997 0.00241731
647 -1 -0.947079 0.00241497
648 -1 -0.94716 0.00241262
649 -1 -0.947242 0.00241027
650 -1 -0.947323 0.00240793
651 -1 -0.947404 0.00240559
652 -1 -0.947485 0.00240325
653 -1 -0.947565 0.00240092
654 -1 -0.947645 0.00239858
655 -1 -0.947725 0.00239625
656 -1 -0.947805 0.00239392
657 -1 -0.947884 0.0023916
658 -1 -0.947964 0.00238927
659 -1 -0.948042 0.00238695
660 -1 -0.948121 0.00238463
661 -1 -0.9482 0.00238231
662 -1 -0.948278 0.00238
663 -1 -0.948356 0.00237769
664 -1 -0.948434 0.00237538
665 -1 -0.948511 0.00237307
666 -1 -0.948589 0.00237076
667 -1 -0.948666 0.00236846
668 -1 -0.948743 0.00236616
669 -1 -0.948819 0.00236386
670 -1 -0.948896 0.00236157
671 -1 -0.948972 0.00235928
672 -1 -0.949048 0.00235699
673 -1 -0.949123 0.0023547
674 -1 -0.949199 0.00235241
675 -1 -0.949274 0.00235013
676 -1 -0.949349 0.00234785
677 -0.92 -0.949306 0.00234478
678 -1 -0.949381 0.00234252
679 -1 -0.949455 0.00234025
680 -1 -0.949529 0.00233799
681 -1 -0.949604 0.00233573
682 -1 -0.949677 0.00233347
683 -1 -0.949751 0.00233122
684 -1 -0.949825 0.00232897
685 -1 -0.949898 0.00232672
686 -1 -0.949971 0.00232447
687 -1 -0.950044 0.00232223
688 -1 -0.950116 0.00231998
689 -1 -0.950189 0.00231775
690 -1 -0.950261 0.00231551
691 -1 -0.950333 0.00231328
692 -1 -0.950405 0.00231105
693 -1 -0.950476 0.00230882
694 -1 -0.950548 0.00230659
695 -1 -0.950619 0.00230437
696 -1 -0.95069 0.00230215
697 -1 -0.95076 0.00229993
698 -1 -0.950831 0.00229772
699 -1 -0.950901 0.00229551
700 -1 -0.950971 0.0022933
701 -1 -0.951041 0.00229109
702 -1 -0.951111 0.00228889
703 -1 -0.951181 0.00228669
704 -1 -0.95125 0.00228449
705 -1 -0.951319 0.0022823
706 -1 -0.951388 0.00228011
707 -1 -0.951457 0.00227792
708 -1 -0.951525 0.00227573
709 -1 -0.951594 0.00227355
710 -1 -0.951662 0.00227137
711 -1 -0.95173 0.00226919
712 -1 -0.951798 0.00226701
713 -1 -0.951865 0.00226484
714 -1 -0.951933 0.00226267
715 -1 -0.952 0.0022605
716 -1 -0.952067 0.00225834
717 -1 -0.952134 0.00225618
718 -1 -0.952201 0.00225402
719 -1 -0.952267 0.00225186
720 -1 -0.952333 0.00224971
721 -1 -0.952399 0.00224756
722 -1 -0.952465 0.00224541
723 -1 -0.952531 0.00224327
724 -1 -0.952597 0.00224113
725 -1 -0.952662 0.00223899
726 -1 -0.952727 0.00223685
727 -1 -0.952792 0.00223472
728 -1 -0.952857 0.00223259
729 -1 -0.952922 0.00223046
730 -1 -0.952986 0.00222834
731 -1 -0.953051 0.00222622
732 -1 -0.953115 0.0022241
733 -1 -0.953179 0.00222199
734 -1 -0.953243 0.00221987
735 -1 -0.953306 0.00221776
736 -1 -0.95337 0.00221566
737 -1 -0.953433 0.00221355
738 -1 -0.953496 0.00221145
739 -1 -0.953559 0.00220935
740 -1 -0.953622 0.00220726
741 -1 -0.953684 0.00220517
742 -1 -0.953747 0.00220308
743 -1 -0.953809 0.00220099
744 -1 -0.953871 0.00219891
745 -1 -0.953933 0.00219682
746 -1 -0.953995 0.00219475
747 -1 -0.954056 0.00219267
748 -1 -0.954118 0.0021906
749 -1 -0.954179 0.00218853
750 -1 -0.95424 0.00218646
751 -1 -0.954301 0.0021844
752 -1 -0.954362 0.00218234
753 -1 -0.954422 0.00218028
754 -1 -0.954483 0.00217823
755 -1 -0.954543 0.00217618
756 -1 -0.954603 0.00217413
757 -1 -0.954663 0.00217208
758 -1 -0.954723 0.00217004
759 -1 -0.954783 0.002168
760 -1 -0.954842 0.00216596
761 -1 -0.954901 0.00216393
762 -1 -0.954961 0.0021619
763 -1 -0.95502 0.00215987
764 -1 -0.955079 0.00215784
765 -1 -0.955137 0.00215582
766 -1 -0.955196 0.0021538
767 -1 -0.955254 0.00215178
768 -1 -0.955313 0.00214977
769 -1 -0.955371 0.00214776
770 -1 -0.955429 0.00214575
771 -1 -0.955486 0.00214374
772 -1 -0.955544 0.00214174
773 -1 -0.955602 0.00213974
774 -1 -0.955659 0.00213775
775 -1 -0.955716 0.00213575
776 -1 -0.955773 0.00213376
777 -1 -0.95583 0.00213177
778 -1 -0.955887 0.00212979
779 -1 -0.955944 0.00212781
780 -1 -0.956 0.00212583
781 -1 -0.956056 0.00212385
782 -1 -0.956113 0.00212188
783 -1 -0.956169 0.00211991
784 -1 -0.956224 0.00211794
785 -1 -0.95628 0.00211597
786 -1 -0.956336 0.00211401
787 -1 -0.956391 0.00211205
788 -1 -0.956447 0.0021101
789 -1 -0.956502 0.00210814
790 -1 -0.956557 0.00210619
791 -1 -0.956612 0.00210425
792 -1 -0.956667 0.0021023
793 -1 -0.956721 0.00210036
794 -1 -0.956776 0.00209842
795 -1 -0.95683 0.00209648
796 -1 -0.956884 0.00209455
797 -1 -0.956939 0.00209262
798 -1 -0.956992 0.00209069
799 -1 -0.957046 0.00208877
800 -1 -0.9571 0.00208685
801 -1 -0.957154 0.00208493
802 -1 -0.957207 0.00208301
803 -1 -0.95726 0.0020811
804 -1 -0.957313 0.00207919
805 -1 -0.957366 0.00207728
806 -1 -0.957419 0.00207538
807 -1 -0.957472 0.00207347
808 -1 -0.957525 0.00207158
809 -1 -0.957577 0.00206968
810 -1 -0.95763 0.00206779
811 -1 -0.957682 0.0020659
812 -1 -0.957734 0.00206401
813 -1 -0.957786 0.00206212
814 -1 -0.957838 0.00206024
815 -1 -0.95789 0.00205836
816 -1 -0.957941 0.00205649
817 -1 -0.957993 0.00205461
818 -1 -0.958044 0.00205274
819 -1 -0.958095 0.00205087
820 -1 -0.958146 0.00204901
821 -1 -0.958197 0.00204714
822 -1 -0.958248 0.00204529
823 -1 -0.958299 0.00204343
824 -1 -0.95835 0.00204157
825 -1 -0.9584 0.00203972
826 -1 -0.95845 0.00203787
827 -1 -0.958501 0.00203603
828 -1 -0.958551 0.00203419
829 -1 -0.958601 0.00203235
830 -1 -0.958651 0.00203051
831 -1 -0.9587 0.00202867
832 -1 -0.95875 0.00202684
833 -1 -0.9588 0.00202501
834 -1 -0.958849 0.00202319
835 -1 -0.958898 0.00202136
836 -1 -0.958947 0.00201954
837 -1 -0.958996 0.00201772
838 -1 -0.959045 0.00201591
839 -1 -0.959094 0.0020141
840 -1 -0.959143 0.00201229
841 -1 -0.959191 0.00201048
842 -1 -0.95924 0.00200868
843 -1 -0.959288 0.00200687
844 -1 -0.959336 0.00200507
845 -1 -0.959385 0.00200328
846 -1 -0.959433 0.00200148
847 -1 -0.959481 0.00199969
848 -1 -0.959528 0.00199791
849 -1 -0.959576 0.00199612
850 -1 -0.959624 0.00199434
851 -1 -0.959671 0.00199256
852 -1 -0.959718 0.00199078
853 -1 -0.959766 0.00198901
854 -1 -0.959813 0.00198723
855 -0.92 -0.959766 0.00198546
856 -0.92 -0.95972 0.00198368
857 -0.92 -0.959673 0.0019819
858 -0.92 -0.959627 0.00198013
859 -0.92 -0.959581 0.00197836
860 -0.92 -0.959535 0.0019766
861 -0.92 -0.959489 0.00197484
862 -0.92 -0.959443 0.00197307
863 -0.92 -0.959397 0.00197132
864 -0.92 -0.959352 0.00196956
865 -0.92 -0.959306 0.00196781
866 -0.92 -0.959261 0.00196606
867 -0.92 -0.959216 0.00196431
868 -0.92 -0.959171 0.00196257
869 -0.92 -0.959125 0.00196083
870 -0.92 -0.95908 0.00195909
871 -0.92 -0.959036 0.00195735
872 -0.92 -0.958991 0.00195562
873 -0.92 -0.958946 0.00195389
874 -0.92 -0.958902 0.00195216
875 -0.92 -0.958857 0.00195043
876 -0.92 -0.958813 0.00194871
877 -0.92 -0.958769 0.00194699
878 -0.92 -0.958724 0.00194527
879 -0.92 -0.95868 0.00194356
880 -0.92 -0.958636 0.00194185
881 -0.92 -0.958593 0.00194014
882 -0.92 -0.958549 0.00193843
883 -0.92 -0.958505 0.00193673
884 -0.92 -0.958462 0.00193502
885 -0.92 -0.958418 0.00193332
886 -0.92 -0.958375 0.00193163
887 -0.92 -0.958331 0.00192993
888 -0.92 -0.958288 0.00192824
889 -0.92 -0.958245 0.00192655
890 -0.92 -0.958202 0.00192487
891 -0.92 -0.958159 0.00192318
892 -0.92 -0.958117 0.0019215
893 -0.92 -0.958074 0.00191982
894 -0.92 -0.958031 0.00191815
895 -0.92 -0.957989 0.00191648
896 -0.92 -0.957946 0.0019148
897 -0.92 -0.957904 0.00191314
898 -0.92 -0.957862 0.00191147
899 -0.92 -0.95782 0.00190981
900 -0.92 -0.957778 0.00190815
901 -0.92 -0.957736 0.00190649
902 -0.92 -0.957694 0.00190483
903 -0.92 -0.957652 0.00190318
904 -0.92 -0.957611 0.00190153
905 -0.92 -0.957569 0.00189988
906 -0.92 -0.957528 0.00189824
907 -0.92 -0.957486 0.0018966
908 -0.92 -0.957445 0.00189496
909 -0.92 -0.957404 0.00189332
910 -0.92 -0.957363 0.00189168
911 -0.92 -0.957322 0.00189005
912 -0.92 -0.957281 0.00188842
913 -0.92 -0.95724 0.00188679
914 -0.92 -0.957199 0.00188517
915 -0.92 -0.957158 0.00188355
916 -0.92 -0.957118 0.00188192
917 -0.92 -0.957077 0.00188031
918 -0.92 -0.957037 0.00187869
919 -0.92 -0.956997 0.00187708
920 -0.92 -0.956957 0.00187547
921 -0.92 -0.956916 0.00187386
922 -0.92 -0.956876 0.00187226
923 -0.92 -0.956836 0.00187065
924 -0.92 -0.956797 0.00186905
925 -0.92 -0.956757 0.00186745
926 -0.92 -0.956717 0.00186586
927 -0.92 -0.956677 0.00186427
928 -0.92 -0.956638 0.00186268
929 -0.92 -0.956598 0.00186109
930 -0.92 -0.956559 0.0018595
931 -0.92 -0.95652 0.00185792
932 -0.92 -0.956481 0.00185634
933 -0.92 -0.956442 0.00185476
934 -0.92 -0.956403 0.00185318
935 -0.92 -0.956364 0.00185161
936 -0.92 -0.956325 0.00185004
937 -0.92 -0.956286 0.00184847
938 -0.92 -0.956247 0.0018469
939 -0.92 -0.956209 0.00184534
940 -0.92 -0.95617 0.00184378
941 -1 -0.956217 0.0018424
942 -1 -0.956263 0.00184103
943 -1 -0.95631 0.00183967
944 -1 -0.956356 0.0018383
945 -1 -0.956402 0.00183693
946 -1 -0.956448 0.00183557
947 -1 -0.956494 0.00183421
948 -1 -0.95654 0.00183285
949 -1 -0.956586 0.00183149
950 -1 -0.956632 0.00183013
951 -1 -0.956677 0.00182877
952 -1 -0.956723 0.00182742
953 -1 -0.956768 0.00182606
954 -1 -0.956813 0.00182471
955 -1 -0.956859 0.00182336
956 -1 -0.956904 0.00182201
957 -1 -0.956949 0.00182066
958 -1 -0.956994 0.00181931
959 -1 -0.957039 0.00181797
960 -1 -0.957083 0.00181663
961 -1 -0.957128 0.00181528
962 -1 -0.957173 0.00181394
963 -1 -0.957217 0.00181261
964 -1 -0.957261 0.00181127
965 -1 -0.957306 0.00180993
966 -1 -0.95735 0.0018086
967 -1 -0.957394 0.00180726
968 -1 -0.957438 0.00180593
969 -1 -0.957482 0.0018046
970 -1 -0.957526 0.00180327
971 -1 -0.95757 0.00180195
972 -1 -0.957613 0.00180062
973 -1 -0.957657 0.0017993
974 -1 -0.9577 0.00179797
975 -1 -0.957744 0.00179665
976 -1 -0.957787 0.00179533
977 -1 -0.95783 0.00179402
978 -1 -0.957873 0.0017927
979 -1 -0.957916 0.00179138
980 -1 -0.957959 0.00179007
981 -1 -0.958002 0.00178876
982 -1 -0.958045 0.00178745
983 -1 -0.958087 0.00178614
984 -1 -0.95813 0.00178483
985 -1 -0.958173 0.00178352
986 -1 -0.958215 0.00178222
987 -1 -0.958257 0.00178092
988 -1 -0.9583 0.00177961
989 -1 -0.958342 0.00177831
990 -1 -0.958384 0.00177701
991 -1 -0.958426 0.00177572
992 -1 -0.958468 0.00177442
993 -1 -0.95851 0.00177313
994 -1 -0.958551 0.00177183
995 -1 -0.958593 0.00177054
996 -1 -0.958635 0.00176925
997 -1 -0.958676 0.00176796
998 -1 -0.958717 0.00176668
999 -1 -0.958759 0.00176539
1000 -1 -0.9588 0.00176411
