1 -0.2 -0.2 0
2 -0.6 -0.4 0.2
3 -0.76 -0.52 0.166533
4 -0.84 -0.6 0.142361
5 -0.84 -0.648 0.120266
6 -0.84 -0.68 0.10328
7 -0.84 -0.702857 0.0902302
8 -0.84 -0.72 0.08
9 -0.84 -0.733333 0.0718022
10 -0.84 -0.744 0.0651016
11 -0.84 -0.752727 0.0595298
12 -0.84 -0.76 0.0548276
13 -0.84 -0.766154 0.0508081
14 -0.84 -0.771429 0.0473339
15 -0.84 -0.776 0.044302
16 -0.84 -0.78 0.0416333
17 -0.84 -0.783529 0.0392666
18 -0.84 -0.786667 0.0371536
19 -0.84 -0.789474 0.0352557
20 -0.84 -0.792 0.0335418
21 -0.84 -0.794286 0.0319864
22 -0.84 -0.796364 0.0305685
23 -0.84 -0.798261 0.0292708
24 -0.84 -0.8 0.0280786
25 -0.84 -0.8016 0.0269795
26 -0.84 -0.803077 0.0259631
27 -0.92 -0.807407 0.0253555
28 -0.92 -0.811429 0.0247619
29 -0.92 -0.815172 0.0241843
30 -0.92 -0.818667 0.0236241
31 -0.92 -0.821935 0.023082
32 -0.92 -0.825 0.0225582
33 -0.92 -0.827879 0.0220526
34 -0.92 -0.830588 0.0215651
35 -0.92 -0.833143 0.0210951
36 -0.92 -0.835556 0.0206422
37 -0.92 -0.837838 0.0202059
38 -0.92 -0.84 0.0197855
39 -0.92 -0.842051 0.0193803
40 -0.92 -0.844 0.0189899
41 -0.92 -0.845854 0.0186134
42 -0.92 -0.847619 0.0182504
43 -0.92 -0.849302 0.0179003
44 -0.92 -0.850909 0.0175624
45 -0.92 -0.852444 0.0172362
46 -0.92 -0.853913 0.0169212
47 -0.92 -0.855319 0.0166168
48 -0.92 -0.856667 0.0163227
49 -0.92 -0.857959 0.0160383
50 -0.92 -0.8592 0.0157631
51 -0.92 -0.860392 0.0154969
52 -0.92 -0.861538 0.0152391
53 -0.92 -0.862642 0.0149895
54 -0.92 -0.863704 0.0147476
55 -0.92 -0.864727 0.0145131
56 -0.92 -0.865714 0.0142857
57 -0.92 -0.866667 0.0140651
58 -0.92 -0.867586 0.0138511
59 -0.92 -0.868475 0.0136432
60 -0.92 -0.869333 0.0134414
61 -0.92 -0.870164 0.0132453
62 -0.92 -0.870968 0.0130546
63 -0.92 -0.871746 0.0128693
64 -0.92 -0.8725 0.012689
65 -0.92 -0.873231 0.0125137
66 -0.92 -0.873939 0.012343
67 -0.92 -0.874627 0.0121768
68 -0.92 -0.875294 0.0120149
69 -0.92 -0.875942 0.0118572
70 -0.92 -0.876571 0.0117035
71 -1 -0.87831 0.0116677
72 -1 -0.88 0.011628
73 -1 -0.881644 0.0115849
74 -1 -0.883243 0.0115386
75 -1 -0.8848 0.0114897
76 -1 -0.886316 0.0114384
77 -1 -0.887792 0.011385
78 -1 -0.889231 0.0113298
79 -1 -0.890633 0.011273
80 -1 -0.892 0.0112148
81 -1 -0.893333 0.0111555
82 -1 -0.894634 0.0110951
83 -1 -0.895904 0.0110339
84 -1 -0.897143 0.0109719
85 -1 -0.898353 0.0109094
86 -1 -0.899535 0.0108464
87 -1 -0.90069 0.010783
88 -1 -0.901818 0.0107194
89 -1 -0.902921 0.0106555
90 -1 -0.904 0.0105915
91 -1 -0.905055 0.0105274
92 -1 -0.906087 0.0104634
93 -1 -0.907097 0.0103994
94 -1 -0.908085 0.0103356
95 -1 -0.909053 0.0102719
96 -1 -0.91 0.0102084
97 -1 -0.910928 0.0101451
98 -1 -0.911837 0.0100821
99 -1 -0.912727 0.0100194
100 -1 -0.9136 0.009957
101 -1 -0.914455 0.00989497
102 -1 -0.915294 0.00983331
103 -1 -0.916117 0.00977204
104 -1 -0.916923 0.00971117
105 -1 -0.917714 0.00965073
106 -1 -0.918491 0.00959072
107 -1 -0.919252 0.00953115
108 -1 -0.92 0.00947204
109 -1 -0.920734 0.0094134
110 -1 -0.921455 0.00935522
111 -1 -0.922162 0.00929753
112 -1 -0.922857 0.00924031
113 -1 -0.92354 0.00918358
114 -1 -0.924211 0.00912734
115 -1 -0.92487 0.0090716
116 -1 -0.925517 0.00901635
117 -1 -0.926154 0.00896159
118 -1 -0.92678 0.00890733
119 -1 -0.927395 0.00885357
120 -1 -0.928 0.00880031
121 -1 -0.928595 0.00874753
122 -1 -0.92918 0.00869526
123 -1 -0.929756 0.00864347
124 -1 -0.930323 0.00859218
125 -1 -0.93088 0.00854137
126 -1 -0.931429 0.00849105
127 -1 -0.931969 0.00844121
128 -1 -0.9325 0.00839185
129 -1 -0.933023 0.00834297
130 -1 -0.933538 0.00829456
131 -1 -0.934046 0.00824662
132 -1 -0.934545 0.00819915
133 -1 -0.935038 0.00815214
134 -1 -0.935522 0.00810558
135 -1 -0.936 0.00805948
136 -1 -0.936471 0.00801383
137 -1 -0.936934 0.00796862
138 -1 -0.937391 0.00792386
139 -1 -0.937842 0.00787953
140 -1 -0.938286 0.00783563
141 -1 -0.938723 0.00779217
142 -1 -0.939155 0.00774912
143 -1 -0.93958 0.0077065
144 -1 -0.94 0.00766428
145 -1 -0.940414 0.00762248
146 -1 -0.940822 0.00758109
147 -1 -0.941224 0.00754009
148 -1 -0.941622 0.0074995
149 -1 -0.942013 0.00745929
150 -1 -0.9424 0.00741947
151 -1 -0.942781 0.00738004
152 -1 -0.943158 0.00734098
153 -1 -0.943529 0.0073023
154 -1 -0.943896 0.00726399
155 -1 -0.944258 0.00722605
156 -1 -0.944615 0.00718846
157 -1 -0.944968 0.00715123
158 -1 -0.945316 0.00711436
159 -1 -0.94566 0.00707784
160 -1 -0.946 0.00704166
161 -1 -0.946335 0.00700581
162 -1 -0.946667 0.00697031
163 -1 -0.946994 0.00693514
164 -1 -0.947317 0.0069003
165 -1 -0.947636 0.00686578
166 -1 -0.947952 0.00683158
167 -1 -0.948263 0.0067977
168 -1 -0.948571 0.00676413
169 -1 -0.948876 0.00673086
170 -1 -0.949176 0.00669791
171 -1 -0.949474 0.00666525
172 -1 -0.949767 0.0066329
173 -1 -0.950058 0.00660084
174 -1 -0.950345 0.00656906
175 -1 -0.950629 0.00653758
176 -1 -0.950909 0.00650638
177 -1 -0.951186 0.00647546
178 -1 -0.951461 0.00644481
179 -1 -0.951732 0.00641444
180 -1 -0.952 0.00638434
181 -1 -0.952265 0.0063545
182 -1 -0.952527 0.00632493
183 -1 -0.952787 0.00629562
184 -1 -0.953043 0.00626657
185 -1 -0.953297 0.00623777
186 -1 -0.953548 0.00620922
187 -1 -0.953797 0.00618092
188 -1 -0.954043 0.00615287
189 -1 -0.954286 0.00612505
190 -1 -0.954526 0.00609748
191 -1 -0.954764 0.00607014
192 -1 -0.955 0.00604304
193 -1 -0.955233 0.00601617
194 -1 -0.955464 0.00598952
195 -1 -0.955692 0.0059631
196 -1 -0.955918 0.00593691
197 -1 -0.956142 0.00591093
198 -1 -0.956364 0.00588517
199 -1 -0.956583 0.00585963
200 -1 -0.9568 0.00583429
201 -1 -0.957015 0.00580917
202 -1 -0.957228 0.00578426
203 -1 -0.957438 0.00575955
204 -1 -0.957647 0.00573504
205 -1 -0.957854 0.00571074
206 -1 -0.958058 0.00568663
207 -1 -0.958261 0.00566272
208 -1 -0.958462 0.005639
209 -1 -0.95866 0.00561547
210 -1 -0.958857 0.00559213
211 -1 -0.959052 0.00556898
212 -1 -0.959245 0.00554601
213 -1 -0.959437 0.00552323
214 -1 -0.959626 0.00550063
215 -1 -0.959814 0.0054782
216 -1 -0.96 0.00545595
217 -1 -0.960184 0.00543388
218 -1 -0.960367 0.00541198
219 -1 -0.960548 0.00539025
220 -1 -0.960727 0.00536869
221 -1 -0.960905 0.00534729
222 -1 -0.961081 0.00532607
223 -1 -0.961256 0.005305
224 -1 -0.961429 0.0052841
225 -1 -0.9616 0.00526335
226 -1 -0.96177 0.00524276
227 -1 -0.961938 0.00522233
228 -1 -0.962105 0.00520206
229 -1 -0.962271 0.00518193
230 -1 -0.962435 0.00516196
231 -1 -0.962597 0.00514214
232 -1 -0.962759 0.00512246
233 -1 -0.962918 0.00510294
234 -1 -0.963077 0.00508355
235 -1 -0.963234 0.00506431
236 -1 -0.96339 0.00504521
237 -1 -0.963544 0.00502625
238 -1 -0.963697 0.00500743
239 -1 -0.963849 0.00498875
240 -1 -0.964 0.0049702
241 -1 -0.964149 0.00495179
242 -1 -0.964298 0.00493351
243 -1 -0.964444 0.00491536
244 -1 -0.96459 0.00489735
245 -1 -0.964735 0.00487946
246 -1 -0.964878 0.00486169
247 -1 -0.96502 0.00484406
248 -1 -0.965161 0.00482655
249 -1 -0.965301 0.00480916
250 -1 -0.96544 0.0047919
251 -1 -0.965578 0.00477475
252 -1 -0.965714 0.00475773
253 -1 -0.96585 0.00474082
254 -1 -0.965984 0.00472404
255 -1 -0.966118 0.00470736
256 -1 -0.96625 0.00469081
257 -1 -0.966381 0.00467436
258 -1 -0.966512 0.00465803
259 -1 -0.966641 0.00464182
260 -1 -0.966769 0.00462571
261 -1 -0.966897 0.00460971
262 -1 -0.967023 0.00459382
263 -1 -0.967148 0.00457804
264 -1 -0.967273 0.00456236
265 -1 -0.967396 0.00454679
266 -1 -0.967519 0.00453132
267 -1 -0.96764 0.00451596
268 -1 -0.967761 0.0045007
269 -1 -0.967881 0.00448553
270 -1 -0.968 0.00447047
271 -1 -0.968118 0.00445551
272 -1 -0.968235 0.00444065
273 -1 -0.968352 0.00442588
274 -1 -0.968467 0.00441121
275 -1 -0.968582 0.00439664
276 -1 -0.968696 0.00438216
277 -1 -0.968809 0.00436777
278 -1 -0.968921 0.00435348
279 -1 -0.969032 0.00433927
280 -1 -0.969143 0.00432516
281 -1 -0.969253 0.00431114
282 -1 -0.969362 0.00429721
283 -1 -0.96947 0.00428337
284 -1 -0.969577 0.00426961
285 -1 -0.969684 0.00425594
286 -1 -0.96979 0.00424236
287 -1 -0.969895 0.00422886
288 -1 -0.97 0.00421545
289 -1 -0.970104 0.00420212
290 -1 -0.970207 0.00418888
291 -1 -0.970309 0.00417571
292 -1 -0.970411 0.00416263
293 -1 -0.970512 0.00414963
294 -1 -0.970612 0.0041367
295 -1 -0.970712 0.00412386
296 -1 -0.970811 0.0041111
297 -1 -0.970909 0.00409841
298 -1 -0.971007 0.0040858
299 -1 -0.971104 0.00407327
300 -1 -0.9712 0.00406081
301 -1 -0.971296 0.00404843
302 -1 -0.971391 0.00403612
303 -1 -0.971485 0.00402388
304 -1 -0.971579 0.00401172
305 -1 -0.971672 0.00399963
306 -1 -0.971765 0.00398761
307 -1 -0.971857 0.00397567
308 -1 -0.971948 0.00396379
309 -1 -0.972039 0.00395199
310 -1 -0.972129 0.00394025
311 -1 -0.972219 0.00392858
312 -1 -0.972308 0.00391698
313 -1 -0.972396 0.00390545
314 -1 -0.972484 0.00389399
315 -1 -0.972571 0.00388259
316 -1 -0.972658 0.00387125
317 -1 -0.972744 0.00385999
318 -1 -0.97283 0.00384878
319 -1 -0.972915 0.00383764
320 -1 -0.973 0.00382657
321 -1 -0.973084 0.00381556
322 -1 -0.973168 0.00380461
323 -1 -0.973251 0.00379372
324 -1 -0.973333 0.00378289
325 -1 -0.973415 0.00377213
326 -1 -0.973497 0.00376142
327 -1 -0.973578 0.00375078
328 -1 -0.973659 0.00374019
329 -1 -0.973739 0.00372967
330 -1 -0.973818 0.0037192
331 -1 -0.973897 0.00370879
332 -1 -0.973976 0.00369844
333 -1 -0.974054 0.00368814
334 -1 -0.974132 0.0036779
335 -1 -0.974209 0.00366772
336 -1 -0.974286 0.0036576
337 -1 -0.974362 0.00364752
338 -1 -0.974438 0.00363751
339 -1 -0.974513 0.00362755
340 -1 -0.974588 0.00361764
341 -1 -0.974663 0.00360778
342 -1 -0.974737 0.00359798
343 -1 -0.97481 0.00358823
344 -1 -0.974884 0.00357854
345 -1 -0.974957 0.00356889
346 -1 -0.975029 0.0035593
347 -1 -0.975101 0.00354975
348 -1 -0.975172 0.00354026
349 -1 -0.975244 0.00353082
350 -1 -0.975314 0.00352143
351 -1 -0.975385 0.00351209
352 -1 -0.975455 0.00350279
353 -1 -0.975524 0.00349355
354 -1 -0.975593 0.00348435
355 -1 -0.975662 0.0034752
356 -1 -0.97573 0.0034661
357 -1 -0.975798 0.00345705
358 -1 -0.975866 0.00344804
359 -1 -0.975933 0.00343908
360 -1 -0.976 0.00343016
361 -1 -0.976066 0.00342129
362 -1 -0.976133 0.00341247
363 -1 -0.976198 0.00340369
364 -1 -0.976264 0.00339496
365 -1 -0.976329 0.00338627
366 -1 -0.976393 0.00337762
367 -1 -0.976458 0.00336902
368 -1 -0.976522 0.00336046
369 -1 -0.976585 0.00335195
370 -1 -0.976649 0.00334347
371 -1 -0.976712 0.00333504
372 -1 -0.976774 0.00332666
373 -1 -0.976836 0.00331831
374 -1 -0.976898 0.00331
375 -1 -0.97696 0.00330174
376 -1 -0.977021 0.00329352
377 -1 -0.977082 0.00328534
378 -1 -0.977143 0.00327719
379 -1 -0.977203 0.00326909
380 -1 -0.977263 0.00326103
381 -1 -0.977323 0.00325301
382 -1 -0.977382 0.00324502
383 -1 -0.977441 0.00323708
384 -1 -0.9775 0.00322917
385 -1 -0.977558 0.0032213
386 -1 -0.977617 0.00321347
387 -1 -0.977674 0.00320568
388 -1 -0.977732 0.00319793
389 -1 -0.977789 0.00319021
390 -1 -0.977846 0.00318253
391 -1 -0.977903 0.00317488
392 -1 -0.977959 0.00316727
393 -1 -0.978015 0.0031597
394 -1 -0.978071 0.00315217
395 -1 -0.978127 0.00314467
396 -1 -0.978182 0.0031372
397 -1 -0.978237 0.00312977
398 -1 -0.978291 0.00312238
399 -1 -0.978346 0.00311502
400 -1 -0.9784 0.00310769
401 -1 -0.978454 0.0031004
402 -1 -0.978507 0.00309314
403 -1 -0.978561 0.00308592
404 -1 -0.978614 0.00307873
405 -1 -0.978667 0.00307157
406 -1 -0.978719 0.00306445
407 -1 -0.978771 0.00305735
408 -1 -0.978824 0.0030503
409 -1 -0.978875 0.00304327
410 -1 -0.978927 0.00303627
411 -1 -0.978978 0.00302931
412 -1 -0.979029 0.00302238
413 -1 -0.97908 0.00301548
414 -1 -0.97913 0.00300861
415 -1 -0.979181 0.00300178
416 -1 -0.979231 0.00299497
417 -1 -0.979281 0.00298819
418 -1 -0.97933 0.00298145
419 -1 -0.979379 0.00297473
420 -1 -0.979429 0.00296805
421 -1 -0.979477 0.00296139
422 -1 -0.979526 0.00295477
423 -1 -0.979574 0.00294817
424 -1 -0.979623 0.0029416
425 -1 -0.979671 0.00293507
426 -1 -0.979718 0.00292856
427 -1 -0.979766 0.00292208
428 -1 -0.979813 0.00291563
429 -1 -0.97986 0.0029092
430 -1 -0.979907 0.00290281
431 -1 -0.979954 0.00289644
432 -1 -0.98 0.0028901
433 -1 -0.980046 0.00288379
434 -1 -0.980092 0.0028775
435 -1 -0.980138 0.00287124
436 -1 -0.980183 0.00286501
437 -1 -0.980229 0.00285881
438 -1 -0.980274 0.00285263
439 -1 -0.980319 0.00284648
440 -1 -0.980364 0.00284036
441 -1 -0.980408 0.00283426
442 -1 -0.980452 0.00282819
443 -1 -0.980497 0.00282214
444 -1 -0.980541 0.00281612
445 -1 -0.980584 0.00281012
446 -1 -0.980628 0.00280415
447 -1 -0.980671 0.00279821
448 -1 -0.980714 0.00279229
449 -1 -0.980757 0.00278639
450 -1 -0.9808 0.00278052
451 -1 -0.980843 0.00277468
452 -1 -0.980885 0.00276886
453 -1 -0.980927 0.00276306
454 -1 -0.980969 0.00275729
455 -1 -0.981011 0.00275154
456 -1 -0.981053 0.00274581
457 -1 -0.981094 0.00274011
458 -1 -0.981135 0.00273444
459 -1 -0.981176 0.00272878
460 -1 -0.981217 0.00272315
461 -1 -0.981258 0.00271754
462 -1 -0.981299 0.00271196
463 -1 -0.981339 0.00270639
464 -1 -0.981379 0.00270085
465 -1 -0.981419 0.00269534
466 -1 -0.981459 0.00268984
467 -1 -0.981499 0.00268437
468 -1 -0.981538 0.00267892
469 -1 -0.981578 0.00267349
470 -1 -0.981617 0.00266809
471 -1 -0.981656 0.0026627
472 -1 -0.981695 0.00265734
473 -1 -0.981734 0.002652
474 -1 -0.981772 0.00264668
475 -1 -0.981811 0.00264138
476 -1 -0.981849 0.0026361
477 -1 -0.981887 0.00263084
478 -1 -0.981925 0.00262561
479 -1 -0.981962 0.00262039
480 -1 -0.982 0.0026152
481 -1 -0.982037 0.00261002
482 -1 -0.982075 0.00260487
483 -1 -0.982112 0.00259973
484 -1 -0.982149 0.00259462
485 -1 -0.982186 0.00258953
486 -1 -0.982222 0.00258445
487 -1 -0.982259 0.0025794
488 -1 -0.982295 0.00257436
489 -1 -0.982331 0.00256935
490 -1 -0.982367 0.00256435
491 -1 -0.982403 0.00255938
492 -1 -0.982439 0.00255442
493 -1 -0.982475 0.00254948
494 -1 -0.98251 0.00254456
495 -1 -0.982545 0.00253966
496 -1 -0.982581 0.00253478
497 -1 -0.982616 0.00252992
498 -1 -0.982651 0.00252508
499 -1 -0.982685 0.00252025
500 -1 -0.98272 0.00251544
501 -1 -0.982754 0.00251065
502 -1 -0.982789 0.00250588
503 -1 -0.982823 0.00250113
504 -1 -0.982857 0.0024964
505 -1 -0.982891 0.00249168
506 -1 -0.982925 0.00248698
507 -1 -0.982959 0.0024823
508 -1 -0.982992 0.00247763
509 -1 -0.983026 0.00247299
510 -1 -0.983059 0.00246836
511 -1 -0.983092 0.00246375
512 -1 -0.983125 0.00245915
513 -1 -0.983158 0.00245457
514 -1 -0.983191 0.00245001
515 -1 -0.983223 0.00244547
516 -1 -0.983256 0.00244094
517 -1 -0.983288 0.00243643
518 -1 -0.98332 0.00243194
519 -1 -0.983353 0.00242746
520 -1 -0.983385 0.002423
521 -1 -0.983417 0.00241855
522 -1 -0.983448 0.00241412
523 -1 -0.98348 0.00240971
524 -1 -0.983511 0.00240532
525 -1 -0.983543 0.00240093
526 -1 -0.983574 0.00239657
527 -1 -0.983605 0.00239222
528 -1 -0.983636 0.00238789
529 -1 -0.983667 0.00238357
530 -1 -0.983698 0.00237927
531 -1 -0.983729 0.00237498
532 -1 -0.983759 0.00237071
533 -1 -0.98379 0.00236645
534 -1 -0.98382 0.00236221
535 -1 -0.98385 0.00235799
536 -1 -0.983881 0.00235378
537 -1 -0.983911 0.00234958
538 -1 -0.983941 0.0023454
539 -1 -0.98397 0.00234124
540 -1 -0.984 0.00233709
541 -1 -0.98403 0.00233295
542 -1 -0.984059 0.00232883
543 -1 -0.984088 0.00232472
544 -1 -0.984118 0.00232063
545 -1 -0.984147 0.00231655
546 -1 -0.984176 0.00231248
547 -1 -0.984205 0.00230843
548 -1 -0.984234 0.0023044
549 -1 -0.984262 0.00230038
550 -1 -0.984291 0.00229637
551 -1 -0.984319 0.00229237
552 -1 -0.984348 0.00228839
553 -1 -0.984376 0.00228443
554 -1 -0.984404 0.00228047
555 -1 -0.984432 0.00227653
556 -1 -0.98446 0.00227261
557 -1 -0.984488 0.0022687
558 -1 -0.984516 0.0022648
559 -1 -0.984544 0.00226091
560 -1 -0.984571 0.00225704
561 -1 -0.984599 0.00225318
562 -1 -0.984626 0.00224933
563 -1 -0.984654 0.0022455
564 -1 -0.984681 0.00224168
565 -1 -0.984708 0.00223788
566 -1 -0.984735 0.00223408
567 -1 -0.984762 0.0022303
568 -1 -0.984789 0.00222653
569 -1 -0.984815 0.00222278
570 -1 -0.984842 0.00221903
571 -1 -0.984869 0.0022153
572 -1 -0.984895 0.00221158
573 -1 -0.984921 0.00220788
574 -1 -0.984948 0.00220419
575 -1 -0.984974 0.0022005
576 -1 -0.985 0.00219684
577 -1 -0.985026 0.00219318
578 -1 -0.985052 0.00218953
579 -1 -0.985078 0.0021859
580 -1 -0.985103 0.00218228
581 -1 -0.985129 0.00217867
582 -1 -0.985155 0.00217508
583 -1 -0.98518 0.00217149
584 -1 -0.985205 0.00216792
585 -1 -0.985231 0.00216436
586 -1 -0.985256 0.00216081
587 -1 -0.985281 0.00215727
588 -1 -0.985306 0.00215374
589 -1 -0.985331 0.00215023
590 -1 -0.985356 0.00214673
591 -1 -0.985381 0.00214323
592 -1 -0.985405 0.00213975
593 -1 -0.98543 0.00213628
594 -1 -0.985455 0.00213282
595 -1 -0.985479 0.00212938
596 -1 -0.985503 0.00212594
597 -1 -0.985528 0.00212252
598 -1 -0.985552 0.0021191
599 -1 -0.985576 0.0021157
600 -1 -0.9856 0.00211231
601 -1 -0.985624 0.00210892
602 -1 -0.985648 0.00210555
603 -1 -0.985672 0.00210219
604 -1 -0.985695 0.00209884
605 -1 -0.985719 0.00209551
606 -1 -0.985743 0.00209218
607 -1 -0.985766 0.00208886
608 -1 -0.985789 0.00208555
609 -1 -0.985813 0.00208226
610 -1 -0.985836 0.00207897
611 -1 -0.985859 0.00207569
612 -1 -0.985882 0.00207243
613 -1 -0.985905 0.00206917
614 -1 -0.985928 0.00206593
615 -1 -0.985951 0.00206269
616 -1 -0.985974 0.00205947
617 -1 -0.985997 0.00205625
618 -1 -0.986019 0.00205305
619 -1 -0.986042 0.00204985
620 -1 -0.986065 0.00204667
621 -1 -0.986087 0.00204349
622 -1 -0.986109 0.00204033
623 -1 -0.986132 0.00203717
624 -1 -0.986154 0.00203403
625 -1 -0.986176 0.00203089
626 -1 -0.986198 0.00202776
627 -1 -0.98622 0.00202465
628 -1 -0.986242 0.00202154
629 -1 -0.986264 0.00201844
630 -1 -0.986286 0.00201535
631 -1 -0.986307 0.00201227
632 -1 -0.986329 0.0020092
633 -1 -0.986351 0.00200614
634 -1 -0.986372 0.00200309
635 -1 -0.986394 0.00200005
636 -1 -0.986415 0.00199702
637 -1 -0.986436 0.00199399
638 -1 -0.986458 0.00199098
639 -1 -0.986479 0.00198798
640 -1 -0.9865 0.00198498
641 -1 -0.986521 0.00198199
642 -1 -0.986542 0.00197901
643 -1 -0.986563 0.00197604
644 -1 -0.986584 0.00197308
645 -1 -0.986605 0.00197013
646 -1 -0.986625 0.00196719
647 -1 -0.986646 0.00196426
648 -1 -0.986667 0.00196133
649 -1 -0.986687 0.00195841
650 -1 -0.986708 0.00195551
651 -1 -0.986728 0.00195261
652 -1 -0.986748 0.00194971
653 -1 -0.986769 0.00194683
654 -1 -0.986789 0.00194396
655 -1 -0.986809 0.00194109
656 -1 -0.986829 0.00193824
657 -1 -0.986849 0.00193539
658 -1 -0.986869 0.00193255
659 -1 -0.986889 0.00192972
660 -1 -0.986909 0.00192689
661 -1 -0.986929 0.00192408
662 -1 -0.986949 0.00192127
663 -1 -0.986968 0.00191847
664 -1 -0.986988 0.00191568
665 -1 -0.987008 0.0019129
666 -1 -0.987027 0.00191012
667 -1 -0.987046 0.00190736
668 -1 -0.987066 0.0019046
669 -1 -0.987085 0.00190185
670 -1 -0.987104 0.0018991
671 -1 -0.987124 0.00189637
672 -1 -0.987143 0.00189364
673 -1 -0.987162 0.00189092
674 -1 -0.987181 0.00188821
675 -1 -0.9872 0.00188551
676 -1 -0.987219 0.00188281
677 -1 -0.987238 0.00188012
678 -1 -0.987257 0.00187744
679 -1 -0.987275 0.00187477
680 -1 -0.987294 0.0018721
681 -1 -0.987313 0.00186944
682 -1 -0.987331 0.00186679
683 -1 -0.98735 0.00186415
684 -1 -0.987368 0.00186152
685 -1 -0.987387 0.00185889
686 -1 -0.987405 0.00185627
687 -1 -0.987424 0.00185365
688 -1 -0.987442 0.00185105
689 -1 -0.98746 0.00184845
690 -1 -0.987478 0.00184586
691 -1 -0.987496 0.00184327
692 -1 -0.987514 0.0018407
693 -1 -0.987532 0.00183813
694 -1 -0.98755 0.00183556
695 -1 -0.987568 0.00183301
696 -1 -0.987586 0.00183046
697 -1 -0.987604 0.00182792
698 -1 -0.987622 0.00182538
699 -1 -0.987639 0.00182286
700 -1 -0.987657 0.00182034
701 -1 -0.987675 0.00181782
702 -1 -0.987692 0.00181532
703 -1 -0.98771 0.00181282
704 -1 -0.987727 0.00181033
705 -1 -0.987745 0.00180784
706 -1 -0.987762 0.00180536
707 -1 -0.987779 0.00180289
708 -1 -0.987797 0.00180042
709 -1 -0.987814 0.00179796
710 -1 -0.987831 0.00179551
711 -1 -0.987848 0.00179307
712 -1 -0.987865 0.00179063
713 -1 -0.987882 0.0017882
714 -1 -0.987899 0.00178577
715 -1 -0.987916 0.00178335
716 -1 -0.987933 0.00178094
717 -1 -0.98795 0.00177853
718 -1 -0.987967 0.00177613
719 -1 -0.987983 0.00177374
720 -1 -0.988 0.00177135
721 -1 -0.988017 0.00176897
722 -1 -0.988033 0.0017666
723 -1 -0.98805 0.00176423
724 -1 -0.988066 0.00176187
725 -1 -0.988083 0.00175952
726 -1 -0.988099 0.00175717
727 -1 -0.988116 0.00175482
728 -1 -0.988132 0.00175249
729 -1 -0.988148 0.00175016
730 -1 -0.988164 0.00174783
731 -1 -0.988181 0.00174552
732 -1 -0.988197 0.00174321
733 -1 -0.988213 0.0017409
734 -1 -0.988229 0.0017386
735 -1 -0.988245 0.00173631
736 -1 -0.988261 0.00173402
737 -1 -0.988277 0.00173174
738 -1 -0.988293 0.00172946
739 -1 -0.988309 0.0017272
740 -1 -0.988324 0.00172493
741 -1 -0.98834 0.00172267
742 -1 -0.988356 0.00172042
743 -1 -0.988371 0.00171818
744 -1 -0.988387 0.00171594
745 -1 -0.988403 0.0017137
746 -1 -0.988418 0.00171148
747 -1 -0.988434 0.00170925
748 -1 -0.988449 0.00170704
749 -1 -0.988465 0.00170483
750 -1 -0.98848 0.00170262
751 -1 -0.988495 0.00170042
752 -1 -0.988511 0.00169823
753 -1 -0.988526 0.00169604
754 -1 -0.988541 0.00169386
755 -1 -0.988556 0.00169168
756 -1 -0.988571 0.00168951
757 -1 -0.988587 0.00168734
758 -1 -0.988602 0.00168518
759 -1 -0.988617 0.00168303
760 -1 -0.988632 0.00168088
761 -1 -0.988647 0.00167873
762 -1 -0.988661 0.0016766
763 -1 -0.988676 0.00167446
764 -1 -0.988691 0.00167234
765 -1 -0.988706 0.00167021
766 -1 -0.988721 0.0016681
767 -1 -0.988735 0.00166599
768 -1 -0.98875 0.00166388
769 -1 -0.988765 0.00166178
770 -1 -0.988779 0.00165968
771 -1 -0.988794 0.00165759
772 -1 -0.988808 0.00165551
773 -1 -0.988823 0.00165343
774 -1 -0.988837 0.00165135
775 -1 -0.988852 0.00164929
776 -1 -0.988866 0.00164722
777 -1 -0.98888 0.00164516
778 -1 -0.988895 0.00164311
779 -1 -0.988909 0.00164106
780 -1 -0.988923 0.00163902
781 -1 -0.988937 0.00163698
782 -1 -0.988951 0.00163494
783 -1 -0.988966 0.00163292
784 -1 -0.98898 0.00163089
785 -1 -0.988994 0.00162887
786 -1 -0.989008 0.00162686
787 -1 -0.989022 0.00162485
788 -1 -0.989036 0.00162285
789 -1 -0.989049 0.00162085
790 -1 -0.989063 0.00161886
791 -1 -0.989077 0.00161687
792 -1 -0.989091 0.00161488
793 -1 -0.989105 0.00161291
794 -1 -0.989118 0.00161093
795 -1 -0.989132 0.00160896
796 -1 -0.989146 0.001607
797 -1 -0.989159 0.00160504
798 -1 -0.989173 0.00160308
799 -1 -0.989186 0.00160113
800 -1 -0.9892 0.00159919
801 -1 -0.989213 0.00159725
802 -1 -0.989227 0.00159531
803 -1 -0.98924 0.00159338
804 -1 -0.989254 0.00159145
805 -1 -0.989267 0.00158953
806 -1 -0.98928 0.00158761
807 -1 -0.989294 0.0015857
808 -1 -0.989307 0.00158379
809 -1 -0.98932 0.00158189
810 -1 -0.989333 0.00157999
811 -1 -0.989346 0.00157809
812 -1 -0.98936 0.0015762
813 -1 -0.989373 0.00157432
814 -1 -0.989386 0.00157244
815 -1 -0.989399 0.00157056
816 -1 -0.989412 0.00156869
817 -1 -0.989425 0.00156682
818 -1 -0.989438 0.00156496
819 -1 -0.989451 0.0015631
820 -1 -0.989463 0.00156124
821 -1 -0.989476 0.00155939
822 -1 -0.989489 0.00155755
823 -1 -0.989502 0.00155571
824 -1 -0.989515 0.00155387
825 -1 -0.989527 0.00155204
826 -1 -0.98954 0.00155021
827 -1 -0.989553 0.00154839
828 -1 -0.989565 0.00154657
829 -1 -0.989578 0.00154475
830 -1 -0.98959 0.00154294
831 -1 -0.989603 0.00154113
832 -1 -0.989615 0.00153933
833 -1 -0.989628 0.00153753
834 -1 -0.98964 0.00153574
835 -1 -0.989653 0.00153395
836 -1 -0.989665 0.00153216
837 -1 -0.989677 0.00153038
838 -1 -0.98969 0.0015286
839 -1 -0.989702 0.00152683
840 -1 -0.989714 0.00152506
841 -1 -0.989727 0.00152329
842 -1 -0.989739 0.00152153
843 -1 -0.989751 0.00151977
844 -1 -0.989763 0.00151802
845 -1 -0.989775 0.00151627
846 -1 -0.989787 0.00151453
847 -1 -0.989799 0.00151279
848 -1 -0.989811 0.00151105
849 -1 -0.989823 0.00150931
850 -1 -0.989835 0.00150759
851 -1 -0.989847 0.00150586
852 -1 -0.989859 0.00150414
853 -1 -0.989871 0.00150242
854 -1 -0.989883 0.00150071
855 -1 -0.989895 0.001499
856 -1 -0.989907 0.00149729
857 -1 -0.989918 0.00149559
858 -1 -0.98993 0.00149389
859 -1 -0.989942 0.0014922
860 -1 -0.989953 0.00149051
861 -1 -0.989965 0.00148882
862 -1 -0.989977 0.00148714
863 -1 -0.989988 0.00148546
864 -1 -0.99 0.00148379
865 -1 -0.990012 0.00148212
866 -1 -0.990023 0.00148045
867 -1 -0.990035 0.00147878
868 -1 -0.990046 0.00147712
869 -1 -0.990058 0.00147547
870 -1 -0.990069 0.00147381
871 -1 -0.99008 0.00147217
872 -1 -0.990092 0.00147052
873 -1 -0.990103 0.00146888
874 -1 -0.990114 0.00146724
875 -1 -0.990126 0.00146561
876 -1 -0.990137 0.00146398
877 -1 -0.990148 0.00146235
878 -1 -0.990159 0.00146073
879 -1 -0.990171 0.00145911
880 -1 -0.990182 0.00145749
881 -1 -0.990193 0.00145588
882 -1 -0.990204 0.00145427
883 -1 -0.990215 0.00145266
884 -1 -0.990226 0.00145106
885 -1 -0.990237 0.00144946
886 -1 -0.990248 0.00144787
887 -1 -0.990259 0.00144628
888 -1 -0.99027 0.00144469
889 -1 -0.990281 0.0014431
890 -1 -0.990292 0.00144152
891 -1 -0.990303 0.00143994
892 -1 -0.990314 0.00143837
893 -1 -0.990325 0.0014368
894 -1 -0.990336 0.00143523
895 -1 -0.990346 0.00143367
896 -1 -0.990357 0.00143211
897 -1 -0.990368 0.00143055
898 -1 -0.990379 0.001429
899 -1 -0.990389 0.00142745
900 -1 -0.9904 0.0014259
901 -1 -0.990411 0.00142436
902 -1 -0.990421 0.00142282
903 -1 -0.990432 0.00142128
904 -1 -0.990442 0.00141975
905 -1 -0.990453 0.00141822
906 -1 -0.990464 0.00141669
907 -1 -0.990474 0.00141517
908 -1 -0.990485 0.00141364
909 -1 -0.990495 0.00141213
910 -1 -0.990505 0.00141061
911 -1 -0.990516 0.0014091
912 -1 -0.990526 0.0014076
913 -1 -0.990537 0.00140609
914 -1 -0.990547 0.00140459
915 -1 -0.990557 0.00140309
916 -1 -0.990568 0.0014016
917 -1 -0.990578 0.00140011
918 -1 -0.990588 0.00139862
919 -1 -0.990598 0.00139713
920 -1 -0.990609 0.00139565
921 -1 -0.990619 0.00139417
922 -1 -0.990629 0.0013927
923 -1 -0.990639 0.00139122
924 -1 -0.990649 0.00138975
925 -1 -0.990659 0.00138829
926 -1 -0.99067 0.00138682
927 -1 -0.99068 0.00138536
928 -1 -0.99069 0.00138391
929 -1 -0.9907 0.00138245
930 -1 -0.99071 0.001381
931 -1 -0.99072 0.00137955
932 -1 -0.99073 0.00137811
933 -1 -0.99074 0.00137667
934 -1 -0.990749 0.00137523
935 -1 -0.990759 0.00137379
936 -1 -0.990769 0.00137236
937 -1 -0.990779 0.00137093
938 -1 -0.990789 0.0013695
939 -1 -0.990799 0.00136808
940 -1 -0.990809 0.00136666
941 -1 -0.990818 0.00136524
942 -1 -0.990828 0.00136382
943 -1 -0.990838 0.00136241
944 -1 -0.990847 0.001361
945 -1 -0.990857 0.00135959
946 -1 -0.990867 0.00135819
947 -1 -0.990876 0.00135679
948 -1 -0.990886 0.00135539
949 -1 -0.990896 0.001354
950 -1 -0.990905 0.0013526
951 -1 -0.990915 0.00135122
952 -1 -0.990924 0.00134983
953 -1 -0.990934 0.00134845
954 -1 -0.990943 0.00134707
955 -1 -0.990953 0.00134569
956 -1 -0.990962 0.00134431
957 -1 -0.990972 0.00134294
958 -1 -0.990981 0.00134157
959 -1 -0.990991 0.0013402
960 -1 -0.991 0.00133884
961 -1 -0.991009 0.00133748
962 -1 -0.991019 0.00133612
963 -1 -0.991028 0.00133476
964 -1 -0.991037 0.00133341
965 -1 -0.991047 0.00133206
966 -1 -0.991056 0.00133071
967 -1 -0.991065 0.00132937
968 -1 -0.991074 0.00132803
969 -1 -0.991084 0.00132669
970 -1 -0.991093 0.00132535
971 -1 -0.991102 0.00132402
972 -1 -0.991111 0.00132269
973 -1 -0.99112 0.00132136
974 -1 -0.991129 0.00132003
975 -1 -0.991138 0.00131871
976 -1 -0.991148 0.00131739
977 -1 -0.991157 0.00131607
978 -1 -0.991166 0.00131476
979 -1 -0.991175 0.00131344
980 -1 -0.991184 0.00131213
981 -1 -0.991193 0.00131083
982 -1 -0.991202 0.00130952
983 -1 -0.991211 0.00130822
984 -1 -0.99122 0.00130692
985 -1 -0.991228 0.00130562
986 -1 -0.991237 0.00130433
987 -1 -0.991246 0.00130304
988 -1 -0.991255 0.00130175
989 -1 -0.991264 0.00130046
990 -1 -0.991273 0.00129917
991 -1 -0.991282 0.00129789
992 -1 -0.99129 0.00129661
993 -1 -0.991299 0.00129534
994 -1 -0.991308 0.00129406
995 -1 -0.991317 0.00129279
996 -1 -0.991325 0.00129152
997 -1 -0.991334 0.00129026
998 -1 -0.991343 0.00128899
999 -1 -0.991351 0.00128773
1000 -1 -0.99136 0.00128647
