1 -0.3584 -0.3584 0
2 -0.5224 -0.4404 0.082
3 -0.6024 -0.4944 0.0718146
4 -0.6856 -0.5422 0.0697388
5 -0.6808 -0.56992 0.0607166
6 -0.6792 -0.588133 0.0528147
7 -0.6784 -0.601029 0.0464619
8 -0.68 -0.6109 0.0414304
9 -0.764 -0.627911 0.0403041
10 -0.764 -0.64152 0.0385323
11 -0.7664 -0.652873 0.0366561
12 -0.768 -0.662467 0.0348104
13 -0.8488 -0.6768 0.0350826
14 -0.8472 -0.688971 0.0346858
15 -0.8496 -0.69968 0.03402
16 -0.8504 -0.7091 0.0331878
17 -0.8512 -0.717459 0.0322757
18 -0.8552 -0.725111 0.0313772
19 -0.9376 -0.736295 0.031717
20 -0.9368 -0.74632 0.0317156
21 -0.9376 -0.755429 0.0315126
22 -0.9392 -0.763782 0.0311857
23 -0.9368 -0.771304 0.0307338
24 -0.936 -0.778167 0.0302149
25 -0.9352 -0.784448 0.029654
26 -0.9336 -0.790185 0.0290625
27 -0.932 -0.795437 0.0284544
28 -0.9304 -0.800257 0.0278398
29 -0.9312 -0.804772 0.0272395
30 -0.9336 -0.809067 0.0266639
31 -0.936 -0.813161 0.0261124
32 -0.9368 -0.817025 0.0255768
33 -0.9368 -0.820655 0.0250539
34 -0.9344 -0.824 0.024535
35 -0.936 -0.8272 0.0240377
36 -0.9384 -0.830289 0.0235637
37 -0.9384 -0.833211 0.0231036
38 -0.9392 -0.836 0.0226597
39 -1.02 -0.840718 0.0225696
40 -1.02 -0.8452 0.0224501
41 -1.02 -0.849463 0.0223069
42 -1.02 -0.853524 0.0221448
43 -1.02 -0.857395 0.0219675
44 -1.02 -0.861091 0.0217782
45 -1.02 -0.864622 0.0215797
46 -1.02 -0.868 0.0213739
47 -1.02 -0.871234 0.0211628
48 -1.02 -0.874333 0.0209478
49 -1.02 -0.877306 0.0207301
50 -1.02 -0.88016 0.0205107
51 -1.02 -0.882902 0.0202907
52 -1.02 -0.885538 0.0200706
53 -1.02 -0.888075 0.019851
54 -1.02 -0.890519 0.0196325
55 -1.02 -0.892873 0.0194155
56 -1.02 -0.895143 0.0192003
57 -1.02 -0.897333 0.0189873
58 -1.02 -0.899448 0.0187765
59 -1.02 -0.901492 0.0185683
60 -1.02 -0.903467 0.0183627
61 -1.02 -0.905377 0.01816
62 -1.02 -0.907226 0.0179601
63 -1.02 -0.909016 0.0177631
64 -1.02 -0.91075 0.0175691
65 -1.02 -0.912431 0.0173782
66 -1.02 -0.914061 0.0171903
67 -1.02 -0.915642 0.0170055
68 -1.02 -0.917176 0.0168237
69 -1.02 -0.918667 0.0166449
70 -1.02 -0.920114 0.0164691
71 -1.02 -0.921521 0.0162964
72 -1.02 -0.922889 0.0161265
73 -1.02 -0.924219 0.0159596
74 -1.02 -0.925514 0.0157956
75 -1.02 -0.926773 0.0156344
76 -1.02 -0.928 0.015476
77 -1.02 -0.929195 0.0153204
78 -1.02 -0.930359 0.0151674
79 -1.02 -0.931494 0.0150171
80 -1.02 -0.9326 0.0148694
81 -1.02 -0.933679 0.0147243
82 -1.02 -0.934732 0.0145817
83 -1.02 -0.935759 0.0144415
84 -1.02 -0.936762 0.0143038
85 -1.02 -0.937741 0.0141684
86 -1.02 -0.938698 0.0140353
87 -1.02 -0.939632 0.0139044
88 -1.02 -0.940545 0.0137758
89 -1.02 -0.941438 0.0136494
90 -1.02 -0.942311 0.0135251
91 -1.02 -0.943165 0.0134028
92 -1.02 -0.944 0.0132826
93 -1.02 -0.944817 0.0131644
94 -1.02 -0.945617 0.0130482
95 -1.02 -0.9464 0.0129338
96 -1.02 -0.947167 0.0128213
97 -1.02 -0.947918 0.0127106
98 -1.02 -0.948653 0.0126018
99 -1.02 -0.949374 0.0124946
100 -1.02 -0.95008 0.0123892
101 -1.02 -0.950772 0.0122854
102 -1.02 -0.951451 0.0121833
103 -1.02 -0.952117 0.0120828
104 -1.02 -0.952769 0.0119838
105 -1.02 -0.95341 0.0118864
106 -1.02 -0.954038 0.0117905
107 -1.02 -0.954654 0.011696
108 -1.02 -0.955259 0.011603
109 -1.02 -0.955853 0.0115114
110 -1.02 -0.956436 0.0114212
111 -1.02 -0.957009 0.0113323
112 -1.02 -0.957571 0.0112447
113 -1.02 -0.958124 0.0111585
114 -1.02 -0.958667 0.0110735
115 -1.02 -0.9592 0.0109897
116 -1.02 -0.959724 0.0109071
117 -1.02 -0.960239 0.0108258
118 -1.02 -0.960746 0.0107456
119 -1.02 -0.961244 0.0106665
120 -1.02 -0.961733 0.0105886
121 -1.02 -0.962215 0.0105118
122 -1.02 -0.962689 0.010436
123 -1.02 -0.963154 0.0103613
124 -1.02 -0.963613 0.0102876
125 -1.02 -0.964064 0.0102149
126 -1.02 -0.964508 0.0101433
127 -1.02 -0.964945 0.0100726
128 -1.02 -0.965375 0.0100028
129 -1.02 -0.965798 0.009934
130 -1.02 -0.966215 0.0098661
131 -1.02 -0.966626 0.0097991
132 -1.02 -0.96703 0.00973299
133 -1.02 -0.967429 0.00966774
134 -1.02 -0.967821 0.00960333
135 -1.02 -0.968207 0.00953977
136 -1.02 -0.968588 0.00947702
137 -1.02 -0.968964 0.00941507
138 -1.02 -0.969333 0.00935391
139 -1.02 -0.969698 0.00929352
140 -1.02 -0.970057 0.00923389
141 -1.02 -0.970411 0.00917501
142 -1.02 -0.970761 0.00911686
143 -1.02 -0.971105 0.00905943
144 -1.02 -0.971444 0.0090027
145 -1.02 -0.971779 0.00894667
146 -1.02 -0.97211 0.00889131
147 -1.02 -0.972435 0.00883663
148 -1.02 -0.972757 0.0087826
149 -1.02 -0.973074 0.00872922
150 -1.02 -0.973387 0.00867647
151 -1.02 -0.973695 0.00862434
152 -1.02 -0.974 0.00857283
153 -1.02 -0.974301 0.00852192
154 -1.02 -0.974597 0.0084716
155 -1.02 -0.97489 0.00842186
156 -1.02 -0.975179 0.0083727
157 -1.02 -0.975465 0.00832409
158 -1.02 -0.975747 0.00827604
159 -1.02 -0.976025 0.00822854
160 -1.02 -0.9763 0.00818156
161 -1.02 -0.976571 0.00813512
162 -1.02 -0.97684 0.00808919
163 -1.02 -0.977104 0.00804377
164 -1.02 -0.977366 0.00799885
165 -1.02 -0.977624 0.00795442
166 -1.02 -0.97788 0.00791048
167 -1.02 -0.978132 0.00786701
168 -1.02 -0.978381 0.00782401
169 -1.02 -0.978627 0.00778148
170 -1.02 -0.978871 0.00773939
171 -1.02 -0.979111 0.00769776
172 -1.02 -0.979349 0.00765657
173 -1.02 -0.979584 0.00761581
174 -1.02 -0.979816 0.00757547
175 -1.02 -0.980046 0.00753556
176 -1.02 -0.980273 0.00749606
177 -1.02 -0.980497 0.00745697
178 -1.02 -0.980719 0.00741828
179 -1.02 -0.980939 0.00737998
180 -1.02 -0.981156 0.00734207
181 -1.02 -0.98137 0.00730455
182 -1.02 -0.981582 0.0072674
183 -1.02 -0.981792 0.00723063
184 -1.02 -0.982 0.00719422
185 -1.02 -0.982205 0.00715818
186 -1.02 -0.982409 0.00712249
187 -1.02 -0.98261 0.00708715
188 -1.02 -0.982809 0.00705216
189 -1.02 -0.983005 0.0070175
190 -1.02 -0.9832 0.00698319
191 -1.02 -0.983393 0.0069492
192 -1.02 -0.983583 0.00691554
193 -1.02 -0.983772 0.0068822
194 -1.02 -0.983959 0.00684918
195 -1.02 -0.984144 0.00681647
196 -1.02 -0.984327 0.00678407
197 -1.02 -0.984508 0.00675198
198 -1.02 -0.984687 0.00672018
199 -1.02 -0.984864 0.00668868
200 -1.02 -0.98504 0.00665747
201 -1.02 -0.985214 0.00662655
202 -1.02 -0.985386 0.00659591
203 -1.02 -0.985557 0.00656555
204 -1.02 -0.985725 0.00653547
205 -1.02 -0.985893 0.00650566
206 -1.02 -0.986058 0.00647612
207 -1.02 -0.986222 0.00644685
208 -1.02 -0.986385 0.00641783
209 -1.02 -0.986545 0.00638907
210 -1.02 -0.986705 0.00636057
211 -1.02 -0.986863 0.00633232
212 -1.02 -0.987019 0.00630432
213 -1.02 -0.987174 0.00627656
214 -1.02 -0.987327 0.00624905
215 -1.02 -0.987479 0.00622177
216 -1.02 -0.98763 0.00619473
217 -1.02 -0.987779 0.00616792
218 -1.02 -0.987927 0.00614134
219 -1.02 -0.988073 0.00611499
220 -1.02 -0.988218 0.00608886
221 -1.02 -0.988362 0.00606295
222 -1.02 -0.988505 0.00603726
223 -1.02 -0.988646 0.00601179
224 -1.02 -0.988786 0.00598652
225 -1.02 -0.988924 0.00596147
226 -1.02 -0.989062 0.00593663
227 -1.02 -0.989198 0.00591199
228 -1.02 -0.989333 0.00588755
229 -1.02 -0.989467 0.00586331
230 -1.02 -0.9896 0.00583928
231 -1.02 -0.989732 0.00581543
232 -1.02 -0.989862 0.00579178
233 -1.02 -0.989991 0.00576832
234 -1.02 -0.99012 0.00574505
235 -1.02 -0.990247 0.00572196
236 -1.02 -0.990373 0.00569906
237 -1.02 -0.990498 0.00567634
238 -1.02 -0.990622 0.0056538
239 -1.02 -0.990745 0.00563143
240 -1.02 -0.990867 0.00560924
241 -1.02 -0.990988 0.00558723
242 -1.02 -0.991107 0.00556538
243 -1.02 -0.991226 0.00554371
244 -1.02 -0.991344 0.0055222
245 -1.02 -0.991461 0.00550086
246 -1.02 -0.991577 0.00547968
247 -1.02 -0.991692 0.00545866
248 -1.02 -0.991806 0.00543781
249 -1.02 -0.99192 0.00541711
250 -1.02 -0.992032 0.00539656
251 -1.02 -0.992143 0.00537618
252 -1.02 -0.992254 0.00535594
253 -1.02 -0.992364 0.00533586
254 -1.02 -0.992472 0.00531592
255 -1.02 -0.99258 0.00529613
256 -1.02 -0.992688 0.00527649
257 -1.02 -0.992794 0.00525699
258 -1.02 -0.992899 0.00523764
259 -1.02 -0.993004 0.00521843
260 -1.02 -0.993108 0.00519936
261 -1.02 -0.993211 0.00518042
262 -1.02 -0.993313 0.00516162
263 -1.02 -0.993414 0.00514296
264 -1.02 -0.993515 0.00512443
265 -1.02 -0.993615 0.00510604
266 -1.02 -0.993714 0.00508777
267 -1.02 -0.993813 0.00506964
268 -1.02 -0.99391 0.00505163
269 -1.02 -0.994007 0.00503375
270 -1.02 -0.994104 0.005016
271 -1.02 -0.994199 0.00499837
272 -1.02 -0.994294 0.00498086
273 -1.02 -0.994388 0.00496347
274 -1.02 -0.994482 0.00494621
275 -1.02 -0.994575 0.00492906
276 -1.02 -0.994667 0.00491204
277 -1.02 -0.994758 0.00489513
278 -1.02 -0.994849 0.00487833
279 -1.02 -0.994939 0.00486165
280 -1.02 -0.995029 0.00484508
281 -1.02 -0.995117 0.00482863
282 -1.02 -0.995206 0.00481228
283 -1.02 -0.995293 0.00479605
284 -1.02 -0.99538 0.00477992
285 -1.02 -0.995467 0.0047639
286 -1.02 -0.995552 0.00474799
287 -1.02 -0.995638 0.00473219
288 -1.02 -0.995722 0.00471649
289 -1.02 -0.995806 0.00470089
290 -1.02 -0.99589 0.00468539
291 -1.02 -0.995973 0.00467
292 -1.02 -0.996055 0.00465471
293 -1.02 -0.996137 0.00463951
294 -1.02 -0.996218 0.00462442
295 -1.02 -0.996298 0.00460942
296 -1.02 -0.996378 0.00459452
297 -1.02 -0.996458 0.00457971
298 -1.02 -0.996537 0.004565
299 -1.02 -0.996615 0.00455039
300 -1.02 -0.996693 0.00453586
301 -1.02 -0.996771 0.00452143
302 -1.02 -0.996848 0.00450709
303 -1.02 -0.996924 0.00449284
304 -1.02 -0.997 0.00447868
305 -1.02 -0.997075 0.00446461
306 -1.02 -0.99715 0.00445063
307 -1.02 -0.997225 0.00443673
308 -1.02 -0.997299 0.00442292
309 -1.02 -0.997372 0.0044092
310 -1.02 -0.997445 0.00439556
311 -1.02 -0.997518 0.004382
312 -1.02 -0.99759 0.00436853
313 -1.02 -0.997661 0.00435514
314 -1.02 -0.997732 0.00434183
315 -1.02 -0.997803 0.0043286
316 -1.02 -0.997873 0.00431545
317 -1.02 -0.997943 0.00430238
318 -1.02 -0.998013 0.00428939
319 -1.02 -0.998082 0.00427648
320 -1.02 -0.99815 0.00426364
321 -1.02 -0.998218 0.00425089
322 -1.02 -0.998286 0.0042382
323 -1.02 -0.998353 0.0042256
324 -1.02 -0.99842 0.00421306
325 -1.02 -0.998486 0.00420061
326 -1.02 -0.998552 0.00418822
327 -1.02 -0.998618 0.00417591
328 -1.02 -0.998683 0.00416367
329 -1.02 -0.998748 0.0041515
330 -1.02 -0.998812 0.0041394
331 -1.02 -0.998876 0.00412737
332 -1.02 -0.99894 0.00411541
333 -1.02 -0.999003 0.00410352
334 -1.02 -0.999066 0.0040917
335 -1.02 -0.999128 0.00407995
336 -1.02 -0.99919 0.00406826
337 -1.02 -0.999252 0.00405664
338 -1.02 -0.999314 0.00404509
339 -1.02 -0.999375 0.0040336
340 -1.02 -0.999435 0.00402218
341 -1.02 -0.999496 0.00401082
342 -1.02 -0.999556 0.00399952
343 -1.02 -0.999615 0.00398829
344 -1.02 -0.999674 0.00397712
345 -1.02 -0.999733 0.00396601
346 -1.02 -0.999792 0.00395497
347 -1.02 -0.99985 0.00394398
348 -1.02 -0.999908 0.00393306
349 -1.02 -0.999966 0.0039222
350 -1.02 -1.00002 0.00391139
351 -1.02 -1.00008 0.00390065
352 -1.02 -1.00014 0.00388996
353 -1.02 -1.00019 0.00387934
354 -1.02 -1.00025 0.00386877
355 -1.02 -1.0003 0.00385826
356 -1.02 -1.00036 0.0038478
357 -1.02 -1.00041 0.0038374
358 -1.02 -1.00047 0.00382706
359 -1.02 -1.00052 0.00381677
360 -1.02 -1.00058 0.00380654
361 -1.02 -1.00063 0.00379636
362 -1.02 -1.00069 0.00378624
363 -1.02 -1.00074 0.00377617
364 -1.02 -1.00079 0.00376615
365 -1.02 -1.00084 0.00375619
366 -1.02 -1.0009 0.00374628
367 -1.02 -1.00095 0.00373642
368 -1.02 -1.001 0.00372661
369 -1.02 -1.00105 0.00371685
370 -1.02 -1.0011 0.00370715
371 -1.02 -1.00115 0.00369749
372 -1.02 -1.0012 0.00368789
373 -1.02 -1.00125 0.00367833
374 -1.02 -1.0013 0.00366883
375 -1.02 -1.00135 0.00365937
376 -1.02 -1.0014 0.00364996
377 -1.02 -1.00145 0.0036406
378 -1.02 -1.0015 0.00363129
379 -1.02 -1.00155 0.00362202
380 -1.02 -1.0016 0.0036128
381 -1.02 -1.00165 0.00360363
382 -1.02 -1.0017 0.00359451
383 -1.02 -1.00174 0.00358543
384 -1.02 -1.00179 0.0035764
385 -1.02 -1.00184 0.00356741
386 -1.02 -1.00189 0.00355847
387 -1.02 -1.00193 0.00354957
388 -1.02 -1.00198 0.00354071
389 -1.02 -1.00203 0.0035319
390 -1.02 -1.00207 0.00352314
391 -1.02 -1.00212 0.00351441
392 -1.02 -1.00216 0.00350573
393 -1.02 -1.00221 0.0034971
394 -1.02 -1.00225 0.0034885
395 -1.02 -1.0023 0.00347995
396 -1.02 -1.00234 0.00347144
397 -1.02 -1.00239 0.00346297
398 -1.02 -1.00243 0.00345454
399 -1.02 -1.00248 0.00344615
400 -1.02 -1.00252 0.0034378
401 -1.02 -1.00256 0.0034295
402 -1.02 -1.00261 0.00342123
403 -1.02 -1.00265 0.003413
404 -1.02 -1.00269 0.00340482
405 -1.02 -1.00274 0.00339667
406 -1.02 -1.00278 0.00338856
407 -1.02 -1.00282 0.00338049
408 -1.02 -1.00286 0.00337245
409 -1.02 -1.0029 0.00336446
410 -1.02 -1.00295 0.0033565
411 -1.02 -1.00299 0.00334858
412 -1.02 -1.00303 0.0033407
413 -1.02 -1.00307 0.00333286
414 -1.02 -1.00311 0.00332505
415 -1.02 -1.00315 0.00331727
416 -1.02 -1.00319 0.00330954
417 -1.02 -1.00323 0.00330184
418 -1.02 -1.00327 0.00329417
419 -1.02 -1.00331 0.00328655
420 -1.02 -1.00335 0.00327895
421 -1.02 -1.00339 0.00327139
422 -1.02 -1.00343 0.00326387
423 -1.02 -1.00347 0.00325638
424 -1.02 -1.00351 0.00324892
425 -1.02 -1.00355 0.0032415
426 -1.02 -1.00359 0.00323411
427 -1.02 -1.00363 0.00322676
428 -1.02 -1.00366 0.00321944
429 -1.02 -1.0037 0.00321215
430 -1.02 -1.00374 0.0032049
431 -1.02 -1.00378 0.00319768
432 -1.02 -1.00381 0.00319049
433 -1.02 -1.00385 0.00318333
434 -1.02 -1.00389 0.0031762
435 -1.02 -1.00393 0.00316911
436 -1.02 -1.00396 0.00316205
437 -1.02 -1.004 0.00315502
438 -1.02 -1.00404 0.00314802
439 -1.02 -1.00407 0.00314105
440 -1.02 -1.00411 0.00313411
441 -1.02 -1.00415 0.0031272
442 -1.02 -1.00418 0.00312033
443 -1.02 -1.00422 0.00311348
444 -1.02 -1.00425 0.00310666
445 -1.02 -1.00429 0.00309988
446 -1.02 -1.00432 0.00309312
447 -1.02 -1.00436 0.00308639
448 -1.02 -1.00439 0.00307969
449 -1.02 -1.00443 0.00307302
450 -1.02 -1.00446 0.00306638
451 -1.02 -1.0045 0.00305977
452 -1.02 -1.00453 0.00305318
453 -1.02 -1.00457 0.00304663
454 -1.02 -1.0046 0.0030401
455 -1.02 -1.00463 0.0030336
456 -1.02 -1.00467 0.00302713
457 -1.02 -1.0047 0.00302068
458 -1.02 -1.00473 0.00301426
459 -1.02 -1.00477 0.00300787
460 -1.02 -1.0048 0.00300151
461 -1.02 -1.00483 0.00299517
462 -1.02 -1.00487 0.00298886
463 -1.02 -1.0049 0.00298258
464 -1.02 -1.00493 0.00297632
465 -1.02 -1.00496 0.00297009
466 -1.02 -1.005 0.00296389
467 -1.02 -1.00503 0.00295771
468 -1.02 -1.00506 0.00295156
469 -1.02 -1.00509 0.00294543
470 -1.02 -1.00512 0.00293933
471 -1.02 -1.00515 0.00293325
472 -1.02 -1.00519 0.0029272
473 -1.02 -1.00522 0.00292117
474 -1.02 -1.00525 0.00291517
475 -1.02 -1.00528 0.00290919
476 -1.02 -1.00531 0.00290324
477 -1.02 -1.00534 0.00289731
478 -1.02 -1.00537 0.0028914
479 -1.02 -1.0054 0.00288552
480 -1.02 -1.00543 0.00287966
481 -1.02 -1.00546 0.00287383
482 -1.02 -1.00549 0.00286802
483 -1.02 -1.00552 0.00286223
484 -1.02 -1.00555 0.00285647
485 -1.02 -1.00558 0.00285073
486 -1.02 -1.00561 0.00284501
487 -1.02 -1.00564 0.00283932
488 -1.02 -1.00567 0.00283365
489 -1.02 -1.0057 0.002828
490 -1.02 -1.00573 0.00282237
491 -1.02 -1.00576 0.00281677
492 -1.02 -1.00579 0.00281119
493 -1.02 -1.00582 0.00280563
494 -1.02 -1.00585 0.00280009
495 -1.02 -1.00587 0.00279457
496 -1.02 -1.0059 0.00278908
497 -1.02 -1.00593 0.0027836
498 -1.02 -1.00596 0.00277815
499 -1.02 -1.00599 0.00277272
500 -1.02 -1.00602 0.00276731
501 -1.02 -1.00604 0.00276193
502 -1.02 -1.00607 0.00275656
503 -1.02 -1.0061 0.00275121
504 -1.02 -1.00613 0.00274589
505 -1.02 -1.00615 0.00274058
506 -1.02 -1.00618 0.0027353
507 -1.02 -1.00621 0.00273003
508 -1.02 -1.00624 0.00272479
509 -1.02 -1.00626 0.00271956
510 -1.02 -1.00629 0.00271436
511 -1.02 -1.00632 0.00270918
512 -1.02 -1.00634 0.00270401
513 -1.02 -1.00637 0.00269887
514 -1.02 -1.0064 0.00269374
515 -1.02 -1.00642 0.00268864
516 -1.02 -1.00645 0.00268355
517 -1.02 -1.00648 0.00267848
518 -1.02 -1.0065 0.00267343
519 -1.02 -1.00653 0.0026684
520 -1.02 -1.00655 0.00266339
521 -1.02 -1.00658 0.0026584
522 -1.02 -1.00661 0.00265343
523 -1.02 -1.00663 0.00264847
524 -1.02 -1.00666 0.00264354
525 -1.02 -1.00668 0.00263862
526 -1.02 -1.00671 0.00263372
527 -1.02 -1.00673 0.00262884
528 -1.02 -1.00676 0.00262398
529 -1.02 -1.00678 0.00261913
530 -1.02 -1.00681 0.0026143
531 -1.02 -1.00683 0.00260949
532 -1.02 -1.00686 0.0026047
533 -1.02 -1.00688 0.00259993
534 -1.02 -1.00691 0.00259517
535 -1.02 -1.00693 0.00259043
536 -1.02 -1.00696 0.00258571
537 -1.02 -1.00698 0.002581
538 -1.02 -1.007 0.00257631
539 -1.02 -1.00703 0.00257164
540 -1.02 -1.00705 0.00256699
541 -1.02 -1.00708 0.00256235
542 -1.02 -1.0071 0.00255773
543 -1.02 -1.00712 0.00255313
544 -1.02 -1.00715 0.00254854
545 -1.02 -1.00717 0.00254397
546 -1.02 -1.00719 0.00253941
547 -1.02 -1.00722 0.00253487
548 -1.02 -1.00724 0.00253035
549 -1.02 -1.00726 0.00252585
550 -1.02 -1.00729 0.00252135
551 -1.02 -1.00731 0.00251688
552 -1.02 -1.00733 0.00251242
553 -1.02 -1.00736 0.00250798
554 -1.02 -1.00738 0.00250355
555 -1.02 -1.0074 0.00249914
556 -1.02 -1.00742 0.00249474
557 -1.02 -1.00745 0.00249036
558 -1.02 -1.00747 0.002486
559 -1.02 -1.00749 0.00248165
560 -1.02 -1.00751 0.00247731
561 -1.02 -1.00754 0.00247299
562 -1.02 -1.00756 0.00246869
563 -1.02 -1.00758 0.0024644
564 -1.02 -1.0076 0.00246013
565 -1.02 -1.00762 0.00245587
566 -1.02 -1.00765 0.00245162
567 -1.02 -1.00767 0.00244739
568 -1.02 -1.00769 0.00244317
569 -1.02 -1.00771 0.00243897
570 -1.02 -1.00773 0.00243478
571 -1.02 -1.00775 0.00243061
572 -1.02 -1.00778 0.00242645
573 -1.02 -1.0078 0.00242231
574 -1.02 -1.00782 0.00241818
575 -1.02 -1.00784 0.00241406
576 -1.02 -1.00786 0.00240996
577 -1.02 -1.00788 0.00240587
578 -1.02 -1.0079 0.0024018
579 -1.02 -1.00792 0.00239774
580 -1.02 -1.00794 0.00239369
581 -1.02 -1.00797 0.00238966
582 -1.02 -1.00799 0.00238564
583 -1.02 -1.00801 0.00238163
584 -1.02 -1.00803 0.00237764
585 -1.02 -1.00805 0.00237366
586 -1.02 -1.00807 0.00236969
587 -1.02 -1.00809 0.00236574
588 -1.02 -1.00811 0.0023618
589 -1.02 -1.00813 0.00235787
590 -1.02 -1.00815 0.00235396
591 -1.02 -1.00817 0.00235006
592 -1.02 -1.00819 0.00234617
593 -1.02 -1.00821 0.00234229
594 -1.02 -1.00823 0.00233843
595 -1.02 -1.00825 0.00233458
596 -1.02 -1.00827 0.00233074
597 -1.02 -1.00829 0.00232692
598 -1.02 -1.00831 0.00232311
599 -1.02 -1.00833 0.00231931
600 -1.02 -1.00835 0.00231552
601 -1.02 -1.00837 0.00231175
602 -1.02 -1.00839 0.00230798
603 -1.02 -1.0084 0.00230423
604 -1.02 -1.00842 0.0023005
605 -1.02 -1.00844 0.00229677
606 -1.02 -1.00846 0.00229306
607 -1.02 -1.00848 0.00228935
608 -1.02 -1.0085 0.00228566
609 -1.02 -1.00852 0.00228199
610 -1.02 -1.00854 0.00227832
611 -1.02 -1.00856 0.00227467
612 -1.02 -1.00858 0.00227102
613 -1.02 -1.00859 0.00226739
614 -1.02 -1.00861 0.00226377
615 -1.02 -1.00863 0.00226016
616 -1.02 -1.00865 0.00225657
617 -1.02 -1.00867 0.00225298
618 -1.02 -1.00869 0.00224941
619 -1.02 -1.0087 0.00224585
620 -1.02 -1.00872 0.00224229
621 -1.02 -1.00874 0.00223875
622 -1.02 -1.00876 0.00223523
623 -1.02 -1.00878 0.00223171
624 -1.02 -1.00879 0.0022282
625 -1.02 -1.00881 0.00222471
626 -1.02 -1.00883 0.00222122
627 -1.02 -1.00885 0.00221775
628 -1.02 -1.00887 0.00221428
629 -1.02 -1.00888 0.00221083
630 -1.02 -1.0089 0.00220739
631 -1.02 -1.00892 0.00220396
632 -1.02 -1.00894 0.00220054
633 -1.02 -1.00895 0.00219713
634 -1.02 -1.00897 0.00219373
635 -1.02 -1.00899 0.00219034
636 -1.02 -1.00901 0.00218696
637 -1.02 -1.00902 0.0021836
638 -1.02 -1.00904 0.00218024
639 -1.02 -1.00906 0.00217689
640 -1.02 -1.00907 0.00217355
641 -1.02 -1.00909 0.00217023
642 -1.02 -1.00911 0.00216691
643 -1.02 -1.00913 0.00216361
644 -1.02 -1.00914 0.00216031
645 -1.02 -1.00916 0.00215702
646 -1.02 -1.00918 0.00215375
647 -1.02 -1.00919 0.00215048
648 -1.02 -1.00921 0.00214722
649 -1.02 -1.00923 0.00214398
650 -1.02 -1.00924 0.00214074
651 -1.02 -1.00926 0.00213751
652 -1.02 -1.00928 0.0021343
653 -1.02 -1.00929 0.00213109
654 -1.02 -1.00931 0.00212789
655 -1.02 -1.00933 0.0021247
656 -1.02 -1.00934 0.00212152
657 -1.02 -1.00936 0.00211835
658 -1.02 -1.00937 0.00211519
659 -1.02 -1.00939 0.00211204
660 -1.02 -1.00941 0.0021089
661 -1.02 -1.00942 0.00210577
662 -1.02 -1.00944 0.00210265
663 -1.02 -1.00945 0.00209953
664 -1.02 -1.00947 0.00209643
665 -1.02 -1.00949 0.00209333
666 -1.02 -1.0095 0.00209025
667 -1.02 -1.00952 0.00208717
668 -1.02 -1.00953 0.0020841
669 -1.02 -1.00955 0.00208105
670 -1.02 -1.00956 0.002078
671 -1.02 -1.00958 0.00207495
672 -1.02 -1.0096 0.00207192
673 -1.02 -1.00961 0.0020689
674 -1.02 -1.00963 0.00206588
675 -1.02 -1.00964 0.00206288
676 -1.02 -1.00966 0.00205988
677 -1.02 -1.00967 0.00205689
678 -1.02 -1.00969 0.00205391
679 -1.02 -1.0097 0.00205094
680 -1.02 -1.00972 0.00204798
681 -1.02 -1.00973 0.00204503
682 -1.02 -1.00975 0.00204208
683 -1.02 -1.00976 0.00203915
684 -1.02 -1.00978 0.00203622
685 -1.02 -1.00979 0.0020333
686 -1.02 -1.00981 0.00203039
687 -1.02 -1.00982 0.00202748
688 -1.02 -1.00984 0.00202459
689 -1.02 -1.00985 0.0020217
690 -1.02 -1.00987 0.00201882
691 -1.02 -1.00988 0.00201595
692 -1.02 -1.0099 0.00201309
693 -1.02 -1.00991 0.00201024
694 -1.02 -1.00993 0.00200739
695 -1.02 -1.00994 0.00200455
696 -1.02 -1.00995 0.00200172
697 -1.02 -1.00997 0.0019989
698 -1.02 -1.00998 0.00199609
699 -1.02 -1.01 0.00199328
700 -1.02 -1.01001 0.00199048
701 -1.02 -1.01003 0.00198769
702 -1.02 -1.01004 0.00198491
703 -1.02 -1.01005 0.00198213
704 -1.02 -1.01007 0.00197937
705 -1.02 -1.01008 0.00197661
706 -1.02 -1.0101 0.00197385
707 -1.02 -1.01011 0.00197111
708 -1.02 -1.01012 0.00196837
709 -1.02 -1.01014 0.00196565
710 -1.02 -1.01015 0.00196292
711 -1.02 -1.01017 0.00196021
712 -1.02 -1.01018 0.0019575
713 -1.02 -1.01019 0.0019548
714 -1.02 -1.01021 0.00195211
715 -1.02 -1.01022 0.00194943
716 -1.02 -1.01023 0.00194675
717 -1.02 -1.01025 0.00194408
718 -1.02 -1.01026 0.00194142
719 -1.02 -1.01028 0.00193877
720 -1.02 -1.01029 0.00193612
721 -1.02 -1.0103 0.00193348
722 -1.02 -1.01032 0.00193085
723 -1.02 -1.01033 0.00192822
724 -1.02 -1.01034 0.0019256
725 -1.02 -1.01036 0.00192299
726 -1.02 -1.01037 0.00192038
727 -1.02 -1.01038 0.00191779
728 -1.02 -1.0104 0.0019152
729 -1.02 -1.01041 0.00191261
730 -1.02 -1.01042 0.00191004
731 -1.02 -1.01044 0.00190747
732 -1.02 -1.01045 0.0019049
733 -1.02 -1.01046 0.00190235
734 -1.02 -1.01047 0.0018998
735 -1.02 -1.01049 0.00189726
736 -1.02 -1.0105 0.00189472
737 -1.02 -1.01051 0.00189219
738 -1.02 -1.01053 0.00188967
739 -1.02 -1.01054 0.00188716
740 -1.02 -1.01055 0.00188465
741 -1.02 -1.01056 0.00188214
742 -1.02 -1.01058 0.00187965
743 -1.02 -1.01059 0.00187716
744 -1.02 -1.0106 0.00187468
745 -1.02 -1.01061 0.0018722
746 -1.02 -1.01063 0.00186973
747 -1.02 -1.01064 0.00186727
748 -1.02 -1.01065 0.00186482
749 -1.02 -1.01066 0.00186237
750 -1.02 -1.01068 0.00185992
751 -1.02 -1.01069 0.00185749
752 -1.02 -1.0107 0.00185506
753 -1.02 -1.01071 0.00185263
754 -1.02 -1.01073 0.00185021
755 -1.02 -1.01074 0.0018478
756 -1.02 -1.01075 0.0018454
757 -1.02 -1.01076 0.001843
758 -1.02 -1.01078 0.00184061
759 -1.02 -1.01079 0.00183822
760 -1.02 -1.0108 0.00183584
761 -1.02 -1.01081 0.00183346
762 -1.02 -1.01082 0.0018311
763 -1.02 -1.01084 0.00182874
764 -1.02 -1.01085 0.00182638
765 -1.02 -1.01086 0.00182403
766 -1.02 -1.01087 0.00182169
767 -1.02 -1.01088 0.00181935
768 -1.02 -1.0109 0.00181702
769 -1.02 -1.01091 0.00181469
770 -1.02 -1.01092 0.00181237
771 -1.02 -1.01093 0.00181006
772 -1.02 -1.01094 0.00180775
773 -1.02 -1.01095 0.00180545
774 -1.02 -1.01097 0.00180315
775 -1.02 -1.01098 0.00180086
776 -1.02 -1.01099 0.00179858
777 -1.02 -1.011 0.0017963
778 -1.02 -1.01101 0.00179402
779 -1.02 -1.01102 0.00179176
780 -1.02 -1.01104 0.00178949
781 -1.02 -1.01105 0.00178724
782 -1.02 -1.01106 0.00178499
783 -1.02 -1.01107 0.00178274
784 -1.02 -1.01108 0.00178051
785 -1.02 -1.01109 0.00177827
786 -1.02 -1.0111 0.00177604
787 -1.02 -1.01112 0.00177382
788 -1.02 -1.01113 0.00177161
789 -1.02 -1.01114 0.00176939
790 -1.02 -1.01115 0.00176719
791 -1.02 -1.01116 0.00176499
792 -1.02 -1.01117 0.00176279
793 -1.02 -1.01118 0.0017606
794 -1.02 -1.01119 0.00175842
795 -1.02 -1.01121 0.00175624
796 -1.02 -1.01122 0.00175407
797 -1.02 -1.01123 0.0017519
798 -1.02 -1.01124 0.00174974
799 -1.02 -1.01125 0.00174758
800 -1.02 -1.01126 0.00174543
801 -1.02 -1.01127 0.00174329
802 -1.02 -1.01128 0.00174114
803 -1.02 -1.01129 0.00173901
804 -1.02 -1.0113 0.00173688
805 -1.02 -1.01131 0.00173475
806 -1.02 -1.01133 0.00173263
807 -1.02 -1.01134 0.00173052
808 -1.02 -1.01135 0.00172841
809 -1.02 -1.01136 0.0017263
810 -1.02 -1.01137 0.0017242
811 -1.02 -1.01138 0.00172211
812 -1.02 -1.01139 0.00172002
813 -1.02 -1.0114 0.00171794
814 -1.02 -1.01141 0.00171586
815 -1.02 -1.01142 0.00171378
816 -1.02 -1.01143 0.00171171
817 -1.02 -1.01144 0.00170965
818 -1.02 -1.01145 0.00170759
819 -1.02 -1.01146 0.00170554
820 -1.02 -1.01147 0.00170349
821 -1.02 -1.01148 0.00170144
822 -1.02 -1.01149 0.0016994
823 -1.02 -1.0115 0.00169737
824 -1.02 -1.01151 0.00169534
825 -1.02 -1.01152 0.00169331
826 -1.02 -1.01154 0.00169129
827 -1.02 -1.01155 0.00168928
828 -1.02 -1.01156 0.00168727
829 -1.02 -1.01157 0.00168526
830 -1.02 -1.01158 0.00168326
831 -1.02 -1.01159 0.00168126
832 -1.02 -1.0116 0.00167927
833 -1.02 -1.01161 0.00167728
834 -1.02 -1.01162 0.0016753
835 -1.02 -1.01163 0.00167333
836 -1.02 -1.01164 0.00167135
837 -1.02 -1.01165 0.00166938
838 -1.02 -1.01166 0.00166742
839 -1.02 -1.01167 0.00166546
840 -1.02 -1.01168 0.00166351
841 -1.02 -1.01169 0.00166156
842 -1.02 -1.0117 0.00165961
843 -1.02 -1.01171 0.00165767
844 -1.02 -1.01172 0.00165574
845 -1.02 -1.01173 0.0016538
846 -1.02 -1.01174 0.00165188
847 -1.02 -1.01174 0.00164996
848 -1.02 -1.01175 0.00164804
849 -1.02 -1.01176 0.00164612
850 -1.02 -1.01177 0.00164421
851 -1.02 -1.01178 0.00164231
852 -1.02 -1.01179 0.00164041
853 -1.02 -1.0118 0.00163851
854 -1.02 -1.01181 0.00163662
855 -1.02 -1.01182 0.00163473
856 -1.02 -1.01183 0.00163285
857 -1.02 -1.01184 0.00163097
858 -1.02 -1.01185 0.0016291
859 -1.02 -1.01186 0.00162723
860 -1.02 -1.01187 0.00162536
861 -1.02 -1.01188 0.0016235
862 -1.02 -1.01189 0.00162164
863 -1.02 -1.0119 0.00161979
864 -1.02 -1.01191 0.00161794
865 -1.02 -1.01192 0.0016161
866 -1.02 -1.01193 0.00161426
867 -1.02 -1.01194 0.00161242
868 -1.02 -1.01194 0.00161059
869 -1.02 -1.01195 0.00160876
870 -1.02 -1.01196 0.00160694
871 -1.02 -1.01197 0.00160512
872 -1.02 -1.01198 0.0016033
873 -1.02 -1.01199 0.00160149
874 -1.02 -1.012 0.00159969
875 -1.02 -1.01201 0.00159788
876 -1.02 -1.01202 0.00159608
877 -1.02 -1.01203 0.00159429
878 -1.02 -1.01204 0.0015925
879 -1.02 -1.01205 0.00159071
880 -1.02 -1.01205 0.00158893
881 -1.02 -1.01206 0.00158715
882 -1.02 -1.01207 0.00158537
883 -1.02 -1.01208 0.0015836
884 -1.02 -1.01209 0.00158184
885 -1.02 -1.0121 0.00158007
886 -1.02 -1.01211 0.00157831
887 -1.02 -1.01212 0.00157656
888 -1.02 -1.01213 0.00157481
889 -1.02 -1.01213 0.00157306
890 -1.02 -1.01214 0.00157132
891 -1.02 -1.01215 0.00156958
892 -1.02 -1.01216 0.00156784
893 -1.02 -1.01217 0.00156611
894 -1.02 -1.01218 0.00156438
895 -1.02 -1.01219 0.00156265
896 -1.02 -1.0122 0.00156093
897 -1.02 -1.01221 0.00155922
898 -1.02 -1.01221 0.0015575
899 -1.02 -1.01222 0.00155579
900 -1.02 -1.01223 0.00155409
901 -1.02 -1.01224 0.00155239
902 -1.02 -1.01225 0.00155069
903 -1.02 -1.01226 0.00154899
904 -1.02 -1.01227 0.0015473
905 -1.02 -1.01227 0.00154562
906 -1.02 -1.01228 0.00154393
907 -1.02 -1.01229 0.00154225
908 -1.02 -1.0123 0.00154058
909 -1.02 -1.01231 0.00153891
910 -1.02 -1.01232 0.00153724
911 -1.02 -1.01232 0.00153557
912 -1.02 -1.01233 0.00153391
913 -1.02 -1.01234 0.00153225
914 -1.02 -1.01235 0.0015306
915 -1.02 -1.01236 0.00152895
916 -1.02 -1.01237 0.0015273
917 -1.02 -1.01238 0.00152566
918 -1.02 -1.01238 0.00152402
919 -1.02 -1.01239 0.00152238
920 -1.02 -1.0124 0.00152075
921 -1.02 -1.01241 0.00151912
922 -1.02 -1.01242 0.00151749
923 -1.02 -1.01242 0.00151587
924 -1.02 -1.01243 0.00151425
925 -1.02 -1.01244 0.00151263
926 -1.02 -1.01245 0.00151102
927 -1.02 -1.01246 0.00150941
928 -1.02 -1.01247 0.00150781
929 -1.02 -1.01247 0.0015062
930 -1.02 -1.01248 0.0015046
931 -1.02 -1.01249 0.00150301
932 -1.02 -1.0125 0.00150142
933 -1.02 -1.01251 0.00149983
934 -1.02 -1.01251 0.00149824
935 -1.02 -1.01252 0.00149666
936 -1.02 -1.01253 0.00149508
937 -1.02 -1.01254 0.00149351
938 -1.02 -1.01255 0.00149194
939 -1.02 -1.01255 0.00149037
940 -1.02 -1.01256 0.0014888
941 -1.02 -1.01257 0.00148724
942 -1.02 -1.01258 0.00148568
943 -1.02 -1.01259 0.00148413
944 -1.02 -1.01259 0.00148257
945 -1.02 -1.0126 0.00148103
946 -1.02 -1.01261 0.00147948
947 -1.02 -1.01262 0.00147794
948 -1.02 -1.01262 0.0014764
949 -1.02 -1.01263 0.00147486
950 -1.02 -1.01264 0.00147333
951 -1.02 -1.01265 0.0014718
952 -1.02 -1.01266 0.00147027
953 -1.02 -1.01266 0.00146875
954 -1.02 -1.01267 0.00146723
955 -1.02 -1.01268 0.00146571
956 -1.02 -1.01269 0.0014642
957 -1.02 -1.01269 0.00146269
958 -1.02 -1.0127 0.00146118
959 -1.02 -1.01271 0.00145967
960 -1.02 -1.01272 0.00145817
961 -1.02 -1.01272 0.00145667
962 -1.02 -1.01273 0.00145518
963 -1.02 -1.01274 0.00145369
964 -1.02 -1.01275 0.0014522
965 -1.02 -1.01275 0.00145071
966 -1.02 -1.01276 0.00144923
967 -1.02 -1.01277 0.00144775
968 -1.02 -1.01278 0.00144627
969 -1.02 -1.01278 0.0014448
970 -1.02 -1.01279 0.00144333
971 -1.02 -1.0128 0.00144186
972 -1.02 -1.01281 0.00144039
973 -1.02 -1.01281 0.00143893
974 -1.02 -1.01282 0.00143747
975 -1.02 -1.01283 0.00143602
976 -1.02 -1.01284 0.00143456
977 -1.02 -1.01284 0.00143311
978 -1.02 -1.01285 0.00143166
979 -1.02 -1.01286 0.00143022
980 -1.02 -1.01287 0.00142878
981 -1.02 -1.01287 0.00142734
982 -1.02 -1.01288 0.0014259
983 -1.02 -1.01289 0.00142447
984 -1.02 -1.01289 0.00142304
985 -1.02 -1.0129 0.00142161
986 -1.02 -1.01291 0.00142019
987 -1.02 -1.01292 0.00141877
988 -1.02 -1.01292 0.00141735
989 -1.02 -1.01293 0.00141593
990 -1.02 -1.01294 0.00141452
991 -1.02 -1.01294 0.00141311
992 -1.02 -1.01295 0.0014117
993 -1.02 -1.01296 0.0014103
994 -1.02 -1.01297 0.0014089
995 -1.02 -1.01297 0.0014075
996 -1.02 -1.01298 0.0014061
997 -1.02 -1.01299 0.00140471
998 -1.02 -1.01299 0.00140332
999 -1.02 -1.013 0.00140193
1000 -1.02 -1.01301 0.00140055
