1 0.08 0.08 0
2 -0.12 -0.02 0.1
3 -0.12 -0.0533333 0.0666667
4 -0.28 -0.11 0.0737111
5 -0.04 -0.096 0.0587878
6 0.04 -0.0733333 0.0530827
7 0.08 -0.0514286 0.0499251
8 0 -0.045 0.0437117
9 -0.2 -0.0622222 0.0422222
10 -0.2 -0.076 0.0401995
11 -0.32 -0.0981818 0.0425936
12 -0.4 -0.123333 0.0463081
13 -0.44 -0.147692 0.0490703
14 -0.36 -0.162857 0.0478944
15 -0.48 -0.184 0.0493462
16 -0.52 -0.205 0.0507116
17 -0.56 -0.225882 0.0520114
18 -0.76 -0.255556 0.0573159
19 -0.88 -0.288421 0.0633991
20 -0.84 -0.316 0.0661673
21 -0.88 -0.342857 0.0684284
22 -0.96 -0.370909 0.0710189
23 -0.84 -0.391304 0.0708595
24 -0.8 -0.408333 0.0699474
25 -0.76 -0.4224 0.0685499
26 -0.68 -0.432308 0.0666017
27 -0.6 -0.438519 0.0643878
28 -0.52 -0.441429 0.0621138
29 -0.56 -0.445517 0.060073
30 -0.68 -0.453333 0.05856
31 -0.8 -0.464516 0.0577329
32 -0.84 -0.47625 0.0571179
33 -0.84 -0.487273 0.0564467
34 -0.72 -0.494118 0.0551874
35 -0.8 -0.502857 0.0542954
36 -0.92 -0.514444 0.054023
37 -0.92 -0.525405 0.0536737
38 -0.96 -0.536842 0.0534794
39 -1 -0.548718 0.0534267
40 -1 -0.56 0.053282
41 -1 -0.570732 0.0530628
42 -1 -0.580952 0.052783
43 -1 -0.590698 0.0524541
44 -1 -0.6 0.0520855
45 -1 -0.608889 0.051685
46 -1 -0.617391 0.051259
47 -1 -0.625532 0.0508128
48 -1 -0.633333 0.050351
49 -1 -0.640816 0.0498773
50 -1 -0.648 0.0493947
51 -1 -0.654902 0.048906
52 -1 -0.661538 0.0484133
53 -1 -0.667925 0.0479185
54 -1 -0.674074 0.0474231
55 -1 -0.68 0.0469286
56 -1 -0.685714 0.0464359
57 -1 -0.691228 0.045946
58 -1 -0.696552 0.0454596
59 -1 -0.701695 0.0449775
60 -1 -0.706667 0.0445002
61 -1 -0.711475 0.044028
62 -1 -0.716129 0.0435613
63 -1 -0.720635 0.0431004
64 -1 -0.725 0.0426456
65 -1 -0.729231 0.0421971
66 -1 -0.733333 0.0417548
67 -1 -0.737313 0.041319
68 -1 -0.741176 0.0408898
69 -1 -0.744928 0.040467
70 -1 -0.748571 0.0400508
71 -1 -0.752113 0.0396412
72 -1 -0.755556 0.0392381
73 -1 -0.758904 0.0388415
74 -1 -0.762162 0.0384513
75 -1 -0.765333 0.0380674
76 -1 -0.768421 0.0376899
77 -1 -0.771429 0.0373186
78 -1 -0.774359 0.0369534
79 -1 -0.777215 0.0365943
80 -1 -0.78 0.0362411
81 -1 -0.782716 0.0358938
82 -1 -0.785366 0.0355523
83 -1 -0.787952 0.0352164
84 -1 -0.790476 0.0348861
85 -1 -0.792941 0.0345612
86 -1 -0.795349 0.0342417
87 -1 -0.797701 0.0339275
88 -1 -0.8 0.0336184
89 -1 -0.802247 0.0333144
90 -1 -0.804444 0.0330154
91 -1 -0.806593 0.0327212
92 -1 -0.808696 0.0324318
93 -1 -0.810753 0.032147
94 -1 -0.812766 0.0318669
95 -1 -0.814737 0.0315912
96 -1 -0.816667 0.0313199
97 -1 -0.818557 0.0310529
98 -1 -0.820408 0.0307901
99 -1 -0.822222 0.0305315
100 -1 -0.824 0.0302768
101 -1 -0.825743 0.0300262
102 -1 -0.827451 0.0297794
103 -1 -0.829126 0.0295364
104 -1 -0.830769 0.0292971
105 -1 -0.832381 0.0290615
106 -1 -0.833962 0.0288294
107 -1 -0.835514 0.0286008
108 -1 -0.837037 0.0283757
109 -1 -0.838532 0.0281539
110 -1 -0.84 0.0279353
111 -1 -0.841441 0.02772
112 -1 -0.842857 0.0275079
113 -1 -0.844248 0.0272988
114 -1 -0.845614 0.0270927
115 -1 -0.846957 0.0268897
116 -1 -0.848276 0.0266895
117 -1 -0.849573 0.0264921
118 -1 -0.850847 0.0262976
119 -1 -0.852101 0.0261058
120 -1 -0.853333 0.0259166
121 -1 -0.854545 0.0257301
122 -1 -0.855738 0.0255462
123 -1 -0.856911 0.0253648
124 -1 -0.858065 0.0251858
125 -1 -0.8592 0.0250093
126 -1 -0.860317 0.0248352
127 -1 -0.861417 0.0246634
128 -1 -0.8625 0.0244939
129 -1 -0.863566 0.0243266
130 -1 -0.864615 0.0241616
131 -1 -0.865649 0.0239987
132 -1 -0.866667 0.0238379
133 -1 -0.867669 0.0236793
134 -1 -0.868657 0.0235226
135 -1 -0.86963 0.023368
136 -1 -0.870588 0.0232153
137 -1 -0.871533 0.0230646
138 -1 -0.872464 0.0229158
139 -1 -0.873381 0.0227688
140 -1 -0.874286 0.0226237
141 -1 -0.875177 0.0224803
142 -1 -0.876056 0.0223388
143 -1 -0.876923 0.0221989
144 -1 -0.877778 0.0220608
145 -1 -0.878621 0.0219243
146 -1 -0.879452 0.0217895
147 -1 -0.880272 0.0216563
148 -1 -0.881081 0.0215247
149 -1 -0.881879 0.0213946
150 -1 -0.882667 0.0212661
151 -1 -0.883444 0.0211391
152 -1 -0.884211 0.0210136
153 -1 -0.884967 0.0208895
154 -1 -0.885714 0.0207668
155 -1 -0.886452 0.0206456
156 -1 -0.887179 0.0205257
157 -1 -0.887898 0.0204072
158 -1 -0.888608 0.0202901
159 -1 -0.889308 0.0201742
160 -1 -0.89 0.0200597
161 -1 -0.890683 0.0199464
162 -1 -0.891358 0.0198344
163 -1 -0.892025 0.0197236
164 -1 -0.892683 0.019614
165 -1 -0.893333 0.0195056
166 -1 -0.893976 0.0193984
167 -1 -0.894611 0.0192923
168 -1 -0.895238 0.0191874
169 -1 -0.895858 0.0190836
170 -1 -0.896471 0.0189809
171 -1 -0.897076 0.0188793
172 -1 -0.897674 0.0187787
173 -1 -0.898266 0.0186792
174 -1 -0.898851 0.0185808
175 -1 -0.899429 0.0184833
176 -1 -0.9 0.0183869
177 -1 -0.900565 0.0182914
178 -1 -0.901124 0.018197
179 -1 -0.901676 0.0181035
180 -1 -0.902222 0.0180109
181 -1 -0.902762 0.0179192
182 -1 -0.903297 0.0178285
183 -1 -0.903825 0.0177387
184 -1 -0.904348 0.0176498
185 -1 -0.904865 0.0175617
186 -1 -0.905376 0.0174745
187 -1 -0.905882 0.0173882
188 -1 -0.906383 0.0173027
189 -1 -0.906878 0.017218
190 -1 -0.907368 0.0171342
191 -1 -0.907853 0.0170512
192 -1 -0.908333 0.0169689
193 -1 -0.908808 0.0168874
194 -1 -0.909278 0.0168067
195 -1 -0.909744 0.0167268
196 -1 -0.910204 0.0166476
197 -1 -0.91066 0.0165692
198 -1 -0.911111 0.0164914
199 -1 -0.911558 0.0164144
200 -1 -0.912 0.0163381
201 -1 -0.912438 0.0162625
202 -1 -0.912871 0.0161876
203 -1 -0.9133 0.0161134
204 -1 -0.913725 0.0160399
205 -1 -0.914146 0.015967
206 -1 -0.914563 0.0158947
207 -1 -0.914976 0.0158232
208 -1 -0.915385 0.0157522
209 -1 -0.915789 0.0156819
210 -1 -0.91619 0.0156122
211 -1 -0.916588 0.0155431
212 -1 -0.916981 0.0154746
213 -1 -0.917371 0.0154067
214 -1 -0.917757 0.0153394
215 -1 -0.91814 0.0152727
216 -1 -0.918519 0.0152065
217 -1 -0.918894 0.015141
218 -1 -0.919266 0.0150759
219 -1 -0.919635 0.0150115
220 -1 -0.92 0.0149475
221 -1 -0.920362 0.0148841
222 -1 -0.920721 0.0148213
223 -1 -0.921076 0.014759
224 -1 -0.921429 0.0146972
225 -1 -0.921778 0.0146359
226 -1 -0.922124 0.0145751
227 -1 -0.922467 0.0145148
228 -1 -0.922807 0.014455
229 -1 -0.923144 0.0143956
230 -1 -0.923478 0.0143368
231 -1 -0.92381 0.0142785
232 -1 -0.924138 0.0142206
233 -1 -0.924464 0.0141632
234 -1 -0.924786 0.0141062
235 -1 -0.925106 0.0140497
236 -1 -0.925424 0.0139936
237 -1 -0.925738 0.013938
238 -1 -0.92605 0.0138828
239 -1 -0.92636 0.0138281
240 -1 -0.926667 0.0137738
241 -1 -0.926971 0.0137199
242 -1 -0.927273 0.0136664
243 -1 -0.927572 0.0136133
244 -1 -0.927869 0.0135607
245 -1 -0.928163 0.0135084
246 -1 -0.928455 0.0134565
247 -1 -0.928745 0.0134051
248 -1 -0.929032 0.013354
249 -1 -0.929317 0.0133033
250 -1 -0.9296 0.013253
251 -1 -0.92988 0.0132031
252 -1 -0.930159 0.0131535
253 -1 -0.930435 0.0131044
254 -1 -0.930709 0.0130555
255 -1 -0.93098 0.0130071
256 -1 -0.93125 0.012959
257 -1 -0.931518 0.0129112
258 -1 -0.931783 0.0128638
259 -1 -0.932046 0.0128168
260 -1 -0.932308 0.0127701
261 -1 -0.932567 0.0127237
262 -1 -0.932824 0.0126776
263 -1 -0.93308 0.0126319
264 -1 -0.933333 0.0125865
265 -1 -0.933585 0.0125415
266 -1 -0.933835 0.0124967
267 -1 -0.934082 0.0124523
268 -1 -0.934328 0.0124082
269 -1 -0.934572 0.0123644
270 -1 -0.934815 0.0123209
271 -1 -0.935055 0.0122777
272 -1 -0.935294 0.0122348
273 -1 -0.935531 0.0121922
274 -1 -0.935766 0.0121499
275 -1 -0.936 0.0121079
276 -1 -0.936232 0.0120662
277 -1 -0.936462 0.0120247
278 -1 -0.936691 0.0119836
279 -1 -0.936918 0.0119427
280 -1 -0.937143 0.0119021
281 -1 -0.937367 0.0118618
282 -1 -0.937589 0.0118217
283 -1 -0.937809 0.011782
284 -1 -0.938028 0.0117424
285 -1 -0.938246 0.0117032
286 -1 -0.938462 0.0116642
287 -1 -0.938676 0.0116255
288 -1 -0.938889 0.011587
289 -1 -0.9391 0.0115488
290 -1 -0.93931 0.0115108
291 -1 -0.939519 0.0114731
292 -1 -0.939726 0.0114356
293 -1 -0.939932 0.0113983
294 -1 -0.940136 0.0113613
295 -1 -0.940339 0.0113246
296 -1 -0.940541 0.011288
297 -1 -0.940741 0.0112518
298 -1 -0.94094 0.0112157
299 -1 -0.941137 0.0111799
300 -1 -0.941333 0.0111443
301 -1 -0.941528 0.0111089
302 -1 -0.941722 0.0110737
303 -1 -0.941914 0.0110388
304 -1 -0.942105 0.0110041
305 -1 -0.942295 0.0109696
306 -1 -0.942484 0.0109353
307 -1 -0.942671 0.0109013
308 -1 -0.942857 0.0108674
309 -1 -0.943042 0.0108337
310 -1 -0.943226 0.0108003
311 -1 -0.943408 0.0107671
312 -1 -0.94359 0.010734
313 -1 -0.94377 0.0107012
314 -1 -0.943949 0.0106686
315 -1 -0.944127 0.0106361
316 -1 -0.944304 0.0106039
317 -1 -0.944479 0.0105719
318 -1 -0.944654 0.01054
319 -1 -0.944828 0.0105083
320 -1 -0.945 0.0104769
321 -1 -0.945171 0.0104456
322 -1 -0.945342 0.0104145
323 -1 -0.945511 0.0103836
324 -1 -0.945679 0.0103528
325 -1 -0.945846 0.0103223
326 -1 -0.946012 0.0102919
327 -1 -0.946177 0.0102617
328 -1 -0.946341 0.0102317
329 -1 -0.946505 0.0102019
330 -1 -0.946667 0.0101722
331 -1 -0.946828 0.0101427
332 -1 -0.946988 0.0101134
333 -1 -0.947147 0.0100842
334 -1 -0.947305 0.0100552
335 -1 -0.947463 0.0100264
336 -1 -0.947619 0.00999773
337 -1 -0.947774 0.00996923
338 -1 -0.947929 0.0099409
339 -1 -0.948083 0.00991272
340 -1 -0.948235 0.0098847
341 -1 -0.948387 0.00985684
342 -1 -0.948538 0.00982913
343 -1 -0.948688 0.00980158
344 -1 -0.948837 0.00977419
345 -1 -0.948986 0.00974694
346 -1 -0.949133 0.00971985
347 -1 -0.94928 0.00969291
348 -1 -0.949425 0.00966611
349 -1 -0.94957 0.00963947
350 -1 -0.949714 0.00961297
351 -1 -0.949858 0.00958661
352 -1 -0.95 0.0095604
353 -1 -0.950142 0.00953433
354 -1 -0.950282 0.0095084
355 -1 -0.950423 0.00948261
356 -1 -0.950562 0.00945696
357 -1 -0.9507 0.00943145
358 -1 -0.950838 0.00940608
359 -1 -0.950975 0.00938084
360 -1 -0.951111 0.00935574
361 -1 -0.951247 0.00933077
362 -1 -0.951381 0.00930593
363 -1 -0.951515 0.00928123
364 -1 -0.951648 0.00925665
365 -1 -0.951781 0.00923221
366 -1 -0.951913 0.00920789
367 -1 -0.952044 0.0091837
368 -1 -0.952174 0.00915964
369 -1 -0.952304 0.0091357
370 -1 -0.952432 0.00911189
371 -1 -0.952561 0.0090882
372 -1 -0.952688 0.00906463
373 -1 -0.952815 0.00904119
374 -1 -0.952941 0.00901786
375 -1 -0.953067 0.00899466
376 -1 -0.953191 0.00897157
377 -1 -0.953316 0.00894861
378 -1 -0.953439 0.00892576
379 -1 -0.953562 0.00890302
380 -1 -0.953684 0.0088804
381 -1 -0.953806 0.0088579
382 -1 -0.953927 0.00883551
383 -1 -0.954047 0.00881323
384 -1 -0.954167 0.00879106
385 -1 -0.954286 0.00876901
386 -1 -0.954404 0.00874706
387 -1 -0.954522 0.00872523
388 -1 -0.954639 0.0087035
389 -1 -0.954756 0.00868188
390 -1 -0.954872 0.00866037
391 -1 -0.954987 0.00863896
392 -1 -0.955102 0.00861766
393 -1 -0.955216 0.00859646
394 -1 -0.95533 0.00857537
395 -1 -0.955443 0.00855438
396 -1 -0.955556 0.00853349
397 -1 -0.955668 0.00851271
398 -1 -0.955779 0.00849202
399 -1 -0.95589 0.00847144
400 -1 -0.956 0.00845095
401 -1 -0.95611 0.00843056
402 -1 -0.956219 0.00841027
403 -1 -0.956328 0.00839008
404 -1 -0.956436 0.00836999
405 -1 -0.956543 0.00834999
406 -1 -0.95665 0.00833008
407 -1 -0.956757 0.00831027
408 -1 -0.956863 0.00829056
409 -1 -0.956968 0.00827093
410 -1 -0.957073 0.0082514
411 -1 -0.957178 0.00823197
412 -1 -0.957282 0.00821262
413 -1 -0.957385 0.00819336
414 -1 -0.957488 0.0081742
415 -1 -0.95759 0.00815512
416 -1 -0.957692 0.00813613
417 -1 -0.957794 0.00811723
418 -1 -0.957895 0.00809842
419 -1 -0.957995 0.00807969
420 -1 -0.958095 0.00806105
421 -1 -0.958195 0.0080425
422 -1 -0.958294 0.00802403
423 -1 -0.958392 0.00800564
424 -1 -0.958491 0.00798734
425 -1 -0.958588 0.00796912
426 -1 -0.958685 0.00795099
427 -1 -0.958782 0.00793294
428 -1 -0.958879 0.00791497
429 -1 -0.958974 0.00789708
430 -1 -0.95907 0.00787927
431 -1 -0.959165 0.00786154
432 -1 -0.959259 0.00784389
433 -1 -0.959353 0.00782632
434 -1 -0.959447 0.00780883
435 -1 -0.95954 0.00779141
436 -1 -0.959633 0.00777408
437 -1 -0.959725 0.00775682
438 -1 -0.959817 0.00773963
439 -1 -0.959909 0.00772252
440 -1 -0.96 0.00770549
441 -1 -0.960091 0.00768853
442 -1 -0.960181 0.00767165
443 -1 -0.960271 0.00765484
444 -1 -0.96036 0.00763811
445 -1 -0.960449 0.00762144
446 -1 -0.960538 0.00760485
447 -1 -0.960626 0.00758833
448 -1 -0.960714 0.00757189
449 -1 -0.960802 0.00755551
450 -1 -0.960889 0.00753921
451 -1 -0.960976 0.00752297
452 -1 -0.961062 0.0075068
453 -1 -0.961148 0.00749071
454 -1 -0.961233 0.00747468
455 -1 -0.961319 0.00745872
456 -1 -0.961404 0.00744283
457 -1 -0.961488 0.00742701
458 -1 -0.961572 0.00741125
459 -1 -0.961656 0.00739556
460 -1 -0.961739 0.00737993
461 -1 -0.961822 0.00736438
462 -1 -0.961905 0.00734888
463 -1 -0.961987 0.00733346
464 -1 -0.962069 0.00731809
465 -1 -0.962151 0.00730279
466 -1 -0.962232 0.00728756
467 -1 -0.962313 0.00727239
468 -1 -0.962393 0.00725728
469 -1 -0.962473 0.00724223
470 -1 -0.962553 0.00722725
471 -1 -0.962633 0.00721232
472 -1 -0.962712 0.00719746
473 -1 -0.962791 0.00718266
474 -1 -0.962869 0.00716792
475 -1 -0.962947 0.00715324
476 -1 -0.963025 0.00713862
477 -1 -0.963103 0.00712406
478 -1 -0.96318 0.00710956
479 -1 -0.963257 0.00709512
480 -1 -0.963333 0.00708074
481 -1 -0.96341 0.00706641
482 -1 -0.963485 0.00705215
483 -1 -0.963561 0.00703794
484 -1 -0.963636 0.00702378
485 -1 -0.963711 0.00700969
486 -1 -0.963786 0.00699565
487 -1 -0.96386 0.00698166
488 -1 -0.963934 0.00696774
489 -1 -0.964008 0.00695386
490 -1 -0.964082 0.00694005
491 -1 -0.964155 0.00692628
492 -1 -0.964228 0.00691258
493 -1 -0.9643 0.00689892
494 -1 -0.964372 0.00688532
495 -1 -0.964444 0.00687177
496 -1 -0.964516 0.00685828
497 -1 -0.964588 0.00684484
498 -1 -0.964659 0.00683145
499 -1 -0.964729 0.00681812
500 -1 -0.9648 0.00680483
501 -1 -0.96487 0.0067916
502 -1 -0.96494 0.00677842
503 -1 -0.96501 0.00676529
504 -1 -0.965079 0.00675221
505 -1 -0.965149 0.00673918
506 -1 -0.965217 0.0067262
507 -1 -0.965286 0.00671327
508 -1 -0.965354 0.00670039
509 -1 -0.965422 0.00668756
510 -1 -0.96549 0.00667478
511 -1 -0.965558 0.00666205
512 -1 -0.965625 0.00664936
513 -1 -0.965692 0.00663673
514 -1 -0.965759 0.00662414
515 -1 -0.965825 0.0066116
516 -1 -0.965891 0.0065991
517 -1 -0.965957 0.00658666
518 -1 -0.966023 0.00657426
519 -1 -0.966089 0.00656191
520 -1 -0.966154 0.0065496
521 -1 -0.966219 0.00653734
522 -1 -0.966284 0.00652512
523 -1 -0.966348 0.00651295
524 -1 -0.966412 0.00650083
525 -1 -0.966476 0.00648875
526 -1 -0.96654 0.00647672
527 -1 -0.966603 0.00646473
528 -1 -0.966667 0.00645278
529 -1 -0.96673 0.00644088
530 -1 -0.966792 0.00642902
531 -1 -0.966855 0.00641721
532 -1 -0.966917 0.00640544
533 -1 -0.966979 0.00639371
534 -1 -0.967041 0.00638203
535 -1 -0.967103 0.00637038
536 -1 -0.967164 0.00635878
537 -1 -0.967225 0.00634723
538 -1 -0.967286 0.00633571
539 -1 -0.967347 0.00632424
540 -1 -0.967407 0.0063128
541 -1 -0.967468 0.00630141
542 -1 -0.967528 0.00629006
543 -1 -0.967587 0.00627875
544 -1 -0.967647 0.00626748
545 -1 -0.967706 0.00625625
546 -1 -0.967766 0.00624506
547 -1 -0.967824 0.00623391
548 -1 -0.967883 0.00622281
549 -1 -0.967942 0.00621174
550 -1 -0.968 0.00620071
551 -1 -0.968058 0.00618971
552 -1 -0.968116 0.00617876
553 -1 -0.968174 0.00616785
554 -1 -0.968231 0.00615697
555 -1 -0.968288 0.00614614
556 -1 -0.968345 0.00613534
557 -1 -0.968402 0.00612458
558 -1 -0.968459 0.00611385
559 -1 -0.968515 0.00610317
560 -1 -0.968571 0.00609252
561 -1 -0.968627 0.00608191
562 -1 -0.968683 0.00607133
563 -1 -0.968739 0.00606079
564 -1 -0.968794 0.00605029
565 -1 -0.96885 0.00603982
566 -1 -0.968905 0.0060294
567 -1 -0.968959 0.006019
568 -1 -0.969014 0.00600864
569 -1 -0.969069 0.00599832
570 -1 -0.969123 0.00598804
571 -1 -0.969177 0.00597778
572 -1 -0.969231 0.00596757
573 -1 -0.969284 0.00595739
574 -1 -0.969338 0.00594724
575 -1 -0.969391 0.00593713
576 -1 -0.969444 0.00592705
577 -1 -0.969497 0.005917
578 -1 -0.96955 0.00590699
579 -1 -0.969603 0.00589702
580 -1 -0.969655 0.00588707
581 -1 -0.969707 0.00587717
582 -1 -0.969759 0.00586729
583 -1 -0.969811 0.00585745
584 -1 -0.969863 0.00584764
585 -1 -0.969915 0.00583786
586 -1 -0.969966 0.00582811
587 -1 -0.970017 0.0058184
588 -1 -0.970068 0.00580872
589 -1 -0.970119 0.00579907
590 -1 -0.970169 0.00578946
591 -1 -0.97022 0.00577988
592 -1 -0.97027 0.00577032
593 -1 -0.97032 0.0057608
594 -1 -0.97037 0.00575131
595 -1 -0.97042 0.00574185
596 -1 -0.97047 0.00573243
597 -1 -0.970519 0.00572303
598 -1 -0.970569 0.00571367
599 -1 -0.970618 0.00570433
600 -1 -0.970667 0.00569503
601 -1 -0.970715 0.00568575
602 -1 -0.970764 0.00567651
603 -1 -0.970813 0.00566729
604 -1 -0.970861 0.00565811
605 -1 -0.970909 0.00564895
606 -1 -0.970957 0.00563983
607 -1 -0.971005 0.00563073
608 -1 -0.971053 0.00562167
609 -1 -0.9711 0.00561263
610 -1 -0.971148 0.00560362
611 -1 -0.971195 0.00559464
612 -1 -0.971242 0.00558569
613 -1 -0.971289 0.00557677
614 -1 -0.971336 0.00556787
615 -1 -0.971382 0.00555901
616 -1 -0.971429 0.00555017
617 -1 -0.971475 0.00554136
618 -1 -0.971521 0.00553258
619 -1 -0.971567 0.00552383
620 -1 -0.971613 0.0055151
621 -1 -0.971659 0.0055064
622 -1 -0.971704 0.00549773
623 -1 -0.97175 0.00548909
624 -1 -0.971795 0.00548047
625 -1 -0.97184 0.00547188
626 -1 -0.971885 0.00546332
627 -1 -0.97193 0.00545478
628 -1 -0.971975 0.00544627
629 -1 -0.972019 0.00543779
630 -1 -0.972063 0.00542933
631 -1 -0.972108 0.0054209
632 -1 -0.972152 0.0054125
633 -1 -0.972196 0.00540412
634 -1 -0.97224 0.00539577
635 -1 -0.972283 0.00538744
636 -1 -0.972327 0.00537914
637 -1 -0.97237 0.00537087
638 -1 -0.972414 0.00536262
639 -1 -0.972457 0.00535439
640 -1 -0.9725 0.00534619
641 -1 -0.972543 0.00533802
642 -1 -0.972586 0.00532987
643 -1 -0.972628 0.00532174
644 -1 -0.972671 0.00531364
645 -1 -0.972713 0.00530557
646 -1 -0.972755 0.00529752
647 -1 -0.972798 0.00528949
648 -1 -0.97284 0.00528149
649 -1 -0.972881 0.00527351
650 -1 -0.972923 0.00526556
651 -1 -0.972965 0.00525763
652 -1 -0.973006 0.00524972
653 -1 -0.973047 0.00524184
654 -1 -0.973089 0.00523398
655 -1 -0.97313 0.00522614
656 -1 -0.973171 0.00521833
657 -1 -0.973212 0.00521054
658 -1 -0.973252 0.00520278
659 -1 -0.973293 0.00519503
660 -1 -0.973333 0.00518731
661 -1 -0.973374 0.00517962
662 -1 -0.973414 0.00517194
663 -1 -0.973454 0.00516429
664 -1 -0.973494 0.00515666
665 -1 -0.973534 0.00514906
666 -1 -0.973574 0.00514148
667 -1 -0.973613 0.00513391
668 -1 -0.973653 0.00512638
669 -1 -0.973692 0.00511886
670 -1 -0.973731 0.00511136
671 -1 -0.97377 0.00510389
672 -1 -0.97381 0.00509644
673 -1 -0.973848 0.00508901
674 -1 -0.973887 0.0050816
675 -1 -0.973926 0.00507421
676 -1 -0.973964 0.00506685
677 -1 -0.974003 0.00505951
678 -1 -0.974041 0.00505218
679 -1 -0.97408 0.00504488
680 -1 -0.974118 0.0050376
681 -1 -0.974156 0.00503034
682 -1 -0.974194 0.0050231
683 -1 -0.974231 0.00501589
684 -1 -0.974269 0.00500869
685 -1 -0.974307 0.00500151
686 -1 -0.974344 0.00499436
687 -1 -0.974381 0.00498722
688 -1 -0.974419 0.00498011
689 -1 -0.974456 0.00497301
690 -1 -0.974493 0.00496594
691 -1 -0.97453 0.00495888
692 -1 -0.974566 0.00495185
693 -1 -0.974603 0.00494484
694 -1 -0.97464 0.00493784
695 -1 -0.974676 0.00493087
696 -1 -0.974713 0.00492391
697 -1 -0.974749 0.00491698
698 -1 -0.974785 0.00491006
699 -1 -0.974821 0.00490316
700 -1 -0.974857 0.00489628
701 -1 -0.974893 0.00488943
702 -1 -0.974929 0.00488259
703 -1 -0.974964 0.00487577
704 -1 -0.975 0.00486897
705 -1 -0.975035 0.00486219
706 -1 -0.975071 0.00485542
707 -1 -0.975106 0.00484868
708 -1 -0.975141 0.00484195
709 -1 -0.975176 0.00483525
710 -1 -0.975211 0.00482856
711 -1 -0.975246 0.00482189
712 -1 -0.975281 0.00481524
713 -1 -0.975316 0.0048086
714 -1 -0.97535 0.00480199
715 -1 -0.975385 0.00479539
716 -1 -0.975419 0.00478881
717 -1 -0.975453 0.00478225
718 -1 -0.975487 0.00477571
719 -1 -0.975522 0.00476918
720 -1 -0.975556 0.00476268
721 -1 -0.975589 0.00475619
722 -1 -0.975623 0.00474971
723 -1 -0.975657 0.00474326
724 -1 -0.975691 0.00473682
725 -1 -0.975724 0.0047304
726 -1 -0.975758 0.004724
727 -1 -0.975791 0.00471762
728 -1 -0.975824 0.00471125
729 -1 -0.975857 0.0047049
730 -1 -0.97589 0.00469857
731 -1 -0.975923 0.00469225
732 -1 -0.975956 0.00468595
733 -1 -0.975989 0.00467967
734 -1 -0.976022 0.0046734
735 -1 -0.976054 0.00466716
736 -1 -0.976087 0.00466092
737 -1 -0.976119 0.00465471
738 -1 -0.976152 0.00464851
739 -1 -0.976184 0.00464233
740 -1 -0.976216 0.00463616
741 -1 -0.976248 0.00463001
742 -1 -0.97628 0.00462388
743 -1 -0.976312 0.00461776
744 -1 -0.976344 0.00461166
745 -1 -0.976376 0.00460558
746 -1 -0.976408 0.00459951
747 -1 -0.976439 0.00459345
748 -1 -0.976471 0.00458742
749 -1 -0.976502 0.0045814
750 -1 -0.976533 0.00457539
751 -1 -0.976565 0.0045694
752 -1 -0.976596 0.00456343
753 -1 -0.976627 0.00455747
754 -1 -0.976658 0.00455153
755 -1 -0.976689 0.0045456
756 -1 -0.97672 0.00453969
757 -1 -0.97675 0.00453379
758 -1 -0.976781 0.00452791
759 -1 -0.976812 0.00452204
760 -1 -0.976842 0.00451619
761 -1 -0.976873 0.00451036
762 -1 -0.976903 0.00450454
763 -1 -0.976933 0.00449873
764 -1 -0.976963 0.00449294
765 -1 -0.976993 0.00448716
766 -1 -0.977023 0.0044814
767 -1 -0.977053 0.00447566
768 -1 -0.977083 0.00446992
769 -1 -0.977113 0.00446421
770 -1 -0.977143 0.0044585
771 -1 -0.977173 0.00445282
772 -1 -0.977202 0.00444714
773 -1 -0.977232 0.00444148
774 -1 -0.977261 0.00443584
775 -1 -0.97729 0.00443021
776 -1 -0.97732 0.00442459
777 -1 -0.977349 0.00441899
778 -1 -0.977378 0.0044134
779 -1 -0.977407 0.00440783
780 -1 -0.977436 0.00440227
781 -1 -0.977465 0.00439673
782 -1 -0.977494 0.00439119
783 -1 -0.977522 0.00438568
784 -1 -0.977551 0.00438017
785 -1 -0.97758 0.00437468
786 -1 -0.977608 0.00436921
787 -1 -0.977637 0.00436374
788 -1 -0.977665 0.0043583
789 -1 -0.977693 0.00435286
790 -1 -0.977722 0.00434744
791 -1 -0.97775 0.00434203
792 -1 -0.977778 0.00433664
793 -1 -0.977806 0.00433125
794 -1 -0.977834 0.00432589
795 -1 -0.977862 0.00432053
796 -1 -0.977889 0.00431519
797 -1 -0.977917 0.00430986
798 -1 -0.977945 0.00430455
799 -1 -0.977972 0.00429924
800 -1 -0.978 0.00429395
801 -1 -0.978027 0.00428868
802 -1 -0.978055 0.00428342
803 -1 -0.978082 0.00427817
804 -1 -0.978109 0.00427293
805 -1 -0.978137 0.0042677
806 -1 -0.978164 0.00426249
807 -1 -0.978191 0.00425729
808 -1 -0.978218 0.00425211
809 -1 -0.978245 0.00424693
810 -1 -0.978272 0.00424177
811 -1 -0.978298 0.00423662
812 -1 -0.978325 0.00423149
813 -1 -0.978352 0.00422636
814 -1 -0.978378 0.00422125
815 -1 -0.978405 0.00421615
816 -1 -0.978431 0.00421106
817 -1 -0.978458 0.00420599
818 -1 -0.978484 0.00420093
819 -1 -0.97851 0.00419588
820 -1 -0.978537 0.00419084
821 -1 -0.978563 0.00418581
822 -1 -0.978589 0.0041808
823 -1 -0.978615 0.0041758
824 -1 -0.978641 0.00417081
825 -1 -0.978667 0.00416583
826 -1 -0.978692 0.00416086
827 -1 -0.978718 0.00415591
828 -1 -0.978744 0.00415096
829 -1 -0.97877 0.00414603
830 -1 -0.978795 0.00414111
831 -1 -0.978821 0.00413621
832 -1 -0.978846 0.00413131
833 -1 -0.978872 0.00412643
834 -1 -0.978897 0.00412155
835 -1 -0.978922 0.00411669
836 -1 -0.978947 0.00411184
837 -1 -0.978973 0.004107
838 -1 -0.978998 0.00410218
839 -1 -0.979023 0.00409736
840 -1 -0.979048 0.00409256
841 -1 -0.979073 0.00408776
842 -1 -0.979097 0.00408298
843 -1 -0.979122 0.00407821
844 -1 -0.979147 0.00407345
845 -1 -0.979172 0.0040687
846 -1 -0.979196 0.00406396
847 -1 -0.979221 0.00405924
848 -1 -0.979245 0.00405452
849 -1 -0.97927 0.00404982
850 -1 -0.979294 0.00404512
851 -1 -0.979318 0.00404044
852 -1 -0.979343 0.00403577
853 -1 -0.979367 0.00403111
854 -1 -0.979391 0.00402646
855 -1 -0.979415 0.00402182
856 -1 -0.979439 0.00401719
857 -1 -0.979463 0.00401257
858 -1 -0.979487 0.00400796
859 -1 -0.979511 0.00400336
860 -1 -0.979535 0.00399878
861 -1 -0.979559 0.0039942
862 -1 -0.979582 0.00398963
863 -1 -0.979606 0.00398508
864 -1 -0.97963 0.00398053
865 -1 -0.979653 0.003976
866 -1 -0.979677 0.00397148
867 -1 -0.9797 0.00396696
868 -1 -0.979724 0.00396246
869 -1 -0.979747 0.00395796
870 -1 -0.97977 0.00395348
871 -1 -0.979793 0.00394901
872 -1 -0.979817 0.00394454
873 -1 -0.97984 0.00394009
874 -1 -0.979863 0.00393565
875 -1 -0.979886 0.00393121
876 -1 -0.979909 0.00392679
877 -1 -0.979932 0.00392238
878 -1 -0.979954 0.00391797
879 -1 -0.979977 0.00391358
880 -1 -0.98 0.0039092
881 -1 -0.980023 0.00390482
882 -1 -0.980045 0.00390046
883 -1 -0.980068 0.00389611
884 -1 -0.98009 0.00389176
885 -1 -0.980113 0.00388743
886 -1 -0.980135 0.0038831
887 -1 -0.980158 0.00387879
888 -1 -0.98018 0.00387448
889 -1 -0.980202 0.00387018
890 -1 -0.980225 0.0038659
891 -1 -0.980247 0.00386162
892 -1 -0.980269 0.00385735
893 -1 -0.980291 0.00385309
894 -1 -0.980313 0.00384884
895 -1 -0.980335 0.0038446
896 -1 -0.980357 0.00384037
897 -1 -0.980379 0.00383615
898 -1 -0.980401 0.00383194
899 -1 -0.980423 0.00382774
900 -1 -0.980444 0.00382354
901 -1 -0.980466 0.00381936
902 -1 -0.980488 0.00381518
903 -1 -0.980509 0.00381102
904 -1 -0.980531 0.00380686
905 -1 -0.980552 0.00380271
906 -1 -0.980574 0.00379857
907 -1 -0.980595 0.00379444
908 -1 -0.980617 0.00379032
909 -1 -0.980638 0.00378621
910 -1 -0.980659 0.00378211
911 -1 -0.980681 0.00377801
912 -1 -0.980702 0.00377393
913 -1 -0.980723 0.00376985
914 -1 -0.980744 0.00376578
915 -1 -0.980765 0.00376172
916 -1 -0.980786 0.00375767
917 -1 -0.980807 0.00375363
918 -1 -0.980828 0.0037496
919 -1 -0.980849 0.00374558
920 -1 -0.98087 0.00374156
921 -1 -0.98089 0.00373755
922 -1 -0.980911 0.00373355
923 -1 -0.980932 0.00372956
924 -1 -0.980952 0.00372558
925 -1 -0.980973 0.00372161
926 -1 -0.980994 0.00371765
927 -1 -0.981014 0.00371369
928 -1 -0.981034 0.00370974
929 -1 -0.981055 0.0037058
930 -1 -0.981075 0.00370187
931 -1 -0.981096 0.00369795
932 -1 -0.981116 0.00369404
933 -1 -0.981136 0.00369013
934 -1 -0.981156 0.00368623
935 -1 -0.981176 0.00368234
936 -1 -0.981197 0.00367846
937 -1 -0.981217 0.00367459
938 -1 -0.981237 0.00367072
939 -1 -0.981257 0.00366687
940 -1 -0.981277 0.00366302
941 -1 -0.981296 0.00365918
942 -1 -0.981316 0.00365534
943 -1 -0.981336 0.00365152
944 -1 -0.981356 0.0036477
945 -1 -0.981376 0.00364389
946 -1 -0.981395 0.00364009
947 -1 -0.981415 0.0036363
948 -1 -0.981435 0.00363252
949 -1 -0.981454 0.00362874
950 -1 -0.981474 0.00362497
951 -1 -0.981493 0.00362121
952 -1 -0.981513 0.00361746
953 -1 -0.981532 0.00361371
954 -1 -0.981551 0.00360997
955 -1 -0.981571 0.00360624
956 -1 -0.98159 0.00360252
957 -1 -0.981609 0.0035988
958 -1 -0.981628 0.0035951
959 -1 -0.981648 0.0035914
960 -1 -0.981667 0.0035877
961 -1 -0.981686 0.00358402
962 -1 -0.981705 0.00358034
963 -1 -0.981724 0.00357667
964 -1 -0.981743 0.00357301
965 -1 -0.981762 0.00356936
966 -1 -0.981781 0.00356571
967 -1 -0.981799 0.00356207
968 -1 -0.981818 0.00355844
969 -1 -0.981837 0.00355481
970 -1 -0.981856 0.0035512
971 -1 -0.981874 0.00354759
972 -1 -0.981893 0.00354398
973 -1 -0.981912 0.00354039
974 -1 -0.98193 0.0035368
975 -1 -0.981949 0.00353322
976 -1 -0.981967 0.00352965
977 -1 -0.981986 0.00352608
978 -1 -0.982004 0.00352252
979 -1 -0.982022 0.00351897
980 -1 -0.982041 0.00351543
981 -1 -0.982059 0.00351189
982 -1 -0.982077 0.00350836
983 -1 -0.982096 0.00350483
984 -1 -0.982114 0.00350132
985 -1 -0.982132 0.00349781
986 -1 -0.98215 0.00349431
987 -1 -0.982168 0.00349081
988 -1 -0.982186 0.00348732
989 -1 -0.982204 0.00348384
990 -1 -0.982222 0.00348037
991 -1 -0.98224 0.0034769
992 -1 -0.982258 0.00347344
993 -1 -0.982276 0.00346998
994 -1 -0.982294 0.00346654
995 -1 -0.982312 0.0034631
996 -1 -0.982329 0.00345966
997 -1 -0.982347 0.00345624
998 -1 -0.982365 0.00345282
999 -1 -0.982382 0.00344941
1000 -1 -0.9824 0.003446
