1 0.28 0.28 0
2 0.32 0.3 0.02
3 0.24 0.28 0.023094
4 0.28 0.28 0.0163299
5 0.28 0.28 0.0126491
6 0.32 0.286667 0.0122927
7 0.36 0.297143 0.0147542
8 0.2 0.285 0.0176271
9 0.08 0.262222 0.0275771
10 0.2 0.256 0.0254384
11 0.32 0.261818 0.0237341
12 0.28 0.263333 0.0217191
13 0.2 0.258462 0.020564
14 0.16 0.251429 0.0202961
15 0.28 0.253333 0.0189904
16 0.28 0.255 0.0178419
17 0.12 0.247059 0.0185457
18 0.12 0.24 0.0188562
19 0 0.227368 0.021856
20 0 0.216 0.0236465
21 0.08 0.209524 0.0234061
22 0.12 0.205455 0.0226848
23 0.2 0.205217 0.0216774
24 0.08 0.2 0.0214003
25 0.04 0.1936 0.021501
26 0.12 0.190769 0.0208506
27 0.08 0.186667 0.0204786
28 0.04 0.181429 0.020417
29 -0.04 0.173793 0.0211284
30 -0.08 0.165333 0.0220956
31 -0.04 0.15871 0.0223739
32 -0.04 0.1525 0.0225358
33 -0.08 0.145455 0.0229504
34 -0.08 0.138824 0.0232316
35 -0.12 0.131429 0.0237393
36 -0.12 0.124444 0.0241044
37 -0.16 0.116757 0.0246722
38 -0.08 0.111579 0.024566
39 -0.12 0.105641 0.0246536
40 -0.2 0.098 0.025215
41 -0.24 0.0897561 0.0259373
42 -0.16 0.0838095 0.0260013
43 -0.24 0.0762791 0.0264827
44 -0.24 0.0690909 0.0268537
45 -0.24 0.0622222 0.027134
46 -0.28 0.0547826 0.0275606
47 -0.36 0.0459574 0.0283751
48 -0.36 0.0375 0.0290367
49 -0.36 0.0293878 0.0295724
50 -0.4 0.0208 0.0302207
51 -0.44 0.0117647 0.0309696
52 -0.44 0.00307692 0.0315864
53 -0.44 -0.00528302 0.0320927
54 -0.44 -0.0133333 0.0325054
55 -0.4 -0.0203636 0.0326743
56 -0.44 -0.0278571 0.0329489
57 -0.48 -0.0357895 0.0333236
58 -0.4 -0.042069 0.0333407
59 -0.48 -0.0494915 0.0336008
60 -0.48 -0.0566667 0.0338062
61 -0.52 -0.0642623 0.034104
62 -0.52 -0.0716129 0.0343453
63 -0.52 -0.0787302 0.034537
64 -0.48 -0.085 0.0345665
65 -0.64 -0.0935385 0.0350854
66 -0.56 -0.100606 0.0352651
67 -0.6 -0.10806 0.0355255
68 -0.6 -0.115294 0.0357391
69 -0.72 -0.124058 0.0362914
70 -0.72 -0.132571 0.0367684
71 -0.68 -0.140282 0.0370578
72 -0.72 -0.148333 0.0374161
73 -0.8 -0.15726 0.0379644
74 -0.8 -0.165946 0.0384419
75 -0.88 -0.175467 0.0391027
76 -0.88 -0.184737 0.0396827
77 -0.84 -0.193247 0.0400779
78 -0.84 -0.201538 0.0404203
79 -0.84 -0.20962 0.0407155
80 -0.92 -0.2185 0.0411723
81 -1 -0.228148 0.0417899
82 -1 -0.237561 0.0423367
83 -1 -0.246747 0.0428205
84 -1 -0.255714 0.0432475
85 -1 -0.264471 0.0436235
86 -1 -0.273023 0.0439534
87 -1 -0.281379 0.0442416
88 -1 -0.289545 0.0444918
89 -1 -0.297528 0.0447074
90 -1 -0.305333 0.0448917
91 -1 -0.312967 0.0450471
92 -1 -0.320435 0.0451763
93 -1 -0.327742 0.0452813
94 -1 -0.334894 0.0453643
95 -1 -0.341895 0.045427
96 -1 -0.34875 0.045471
97 -1 -0.355464 0.0454979
98 -1 -0.362041 0.045509
99 -1 -0.368485 0.0455056
100 -1 -0.3748 0.0454887
101 -1 -0.38099 0.0454595
102 -1 -0.387059 0.0454189
103 -1 -0.39301 0.0453677
104 -1 -0.398846 0.0453069
105 -1 -0.404571 0.0452371
106 -1 -0.410189 0.045159
107 -1 -0.415701 0.0450733
108 -1 -0.421111 0.0449805
109 -1 -0.426422 0.0448813
110 -1 -0.431636 0.0447761
111 -1 -0.436757 0.0446653
112 -1 -0.441786 0.0445495
113 -1 -0.446726 0.044429
114 -1 -0.451579 0.0443041
115 -1 -0.456348 0.0441754
116 -1 -0.461034 0.0440429
117 -1 -0.465641 0.0439072
118 -1 -0.470169 0.0437684
119 -1 -0.474622 0.0436268
120 -1 -0.479 0.0434827
121 -1 -0.483306 0.0433363
122 -1 -0.487541 0.0431878
123 -1 -0.491707 0.0430374
124 -1 -0.495806 0.0428852
125 -1 -0.49984 0.0427316
126 -1 -0.50381 0.0425765
127 -1 -0.507717 0.0424202
128 -1 -0.511563 0.0422629
129 -1 -0.515349 0.0421046
130 -1 -0.519077 0.0419455
131 -1 -0.522748 0.0417856
132 -1 -0.526364 0.0416252
133 -1 -0.529925 0.0414642
134 -1 -0.533433 0.0413029
135 -1 -0.536889 0.0411412
136 -1 -0.540294 0.0409793
137 -1 -0.54365 0.0408172
138 -1 -0.546957 0.0406551
139 -1 -0.550216 0.0404929
140 -1 -0.553429 0.0403308
141 -1 -0.556596 0.0401688
142 -1 -0.559718 0.040007
143 -1 -0.562797 0.0398454
144 -1 -0.565833 0.039684
145 -1 -0.568828 0.039523
146 -1 -0.571781 0.0393623
147 -1 -0.574694 0.039202
148 -1 -0.577568 0.0390421
149 -1 -0.580403 0.0388827
150 -1 -0.5832 0.0387237
151 -1 -0.58596 0.0385654
152 -1 -0.588684 0.0384075
153 -1 -0.591373 0.0382502
154 -1 -0.594026 0.0380936
155 -1 -0.596645 0.0379375
156 -1 -0.599231 0.0377821
157 -1 -0.601783 0.0376274
158 -1 -0.604304 0.0374733
159 -1 -0.606792 0.03732
160 -1 -0.60925 0.0371673
161 -1 -0.611677 0.0370154
162 -1 -0.614074 0.0368642
163 -1 -0.616442 0.0367138
164 -1 -0.61878 0.0365641
165 -1 -0.621091 0.0364152
166 -1 -0.623373 0.0362671
167 -1 -0.625629 0.0361197
168 -1 -0.627857 0.0359732
169 -1 -0.630059 0.0358274
170 -1 -0.632235 0.0356825
171 -1 -0.634386 0.0355383
172 -1 -0.636512 0.035395
173 -1 -0.638613 0.0352525
174 -1 -0.64069 0.0351108
175 -1 -0.642743 0.0349699
176 -1 -0.644773 0.0348298
177 -1 -0.64678 0.0346906
178 -1 -0.648764 0.0345522
179 -1 -0.650726 0.0344146
180 -1 -0.652667 0.0342778
181 -1 -0.654586 0.0341419
182 -1 -0.656484 0.0340068
183 -1 -0.658361 0.0338725
184 -1 -0.660217 0.033739
185 -1 -0.662054 0.0336064
186 -1 -0.663871 0.0334746
187 -1 -0.665668 0.0333436
188 -1 -0.667447 0.0332134
189 -1 -0.669206 0.033084
190 -1 -0.670947 0.0329554
191 -1 -0.67267 0.0328277
192 -1 -0.674375 0.0327007
193 -1 -0.676062 0.0325746
194 -1 -0.677732 0.0324492
195 -1 -0.679385 0.0323247
196 -1 -0.68102 0.0322009
197 -1 -0.68264 0.0320779
198 -1 -0.684242 0.0319557
199 -1 -0.685829 0.0318343
200 -1 -0.6874 0.0317136
201 -1 -0.688955 0.0315938
202 -1 -0.690495 0.0314747
203 -1 -0.69202 0.0313563
204 -1 -0.693529 0.0312387
205 -1 -0.695024 0.0311219
206 -1 -0.696505 0.0310058
207 -1 -0.697971 0.0308905
208 -1 -0.699423 0.0307759
209 -1 -0.700861 0.030662
210 -1 -0.702286 0.0305489
211 -1 -0.703697 0.0304365
212 -1 -0.705094 0.0303248
213 -1 -0.706479 0.0302138
214 -1 -0.70785 0.0301036
215 -1 -0.709209 0.029994
216 -1 -0.710556 0.0298852
217 -1 -0.711889 0.0297771
218 -1 -0.713211 0.0296696
219 -1 -0.714521 0.0295628
220 -1 -0.715818 0.0294567
221 -1 -0.717104 0.0293513
222 -1 -0.718378 0.0292466
223 -1 -0.719641 0.0291425
224 -1 -0.720893 0.0290391
225 -1 -0.722133 0.0289364
226 -1 -0.723363 0.0288343
227 -1 -0.724581 0.0287328
228 -1 -0.725789 0.028632
229 -1 -0.726987 0.0285318
230 -1 -0.728174 0.0284323
231 -1 -0.729351 0.0283334
232 -1 -0.730517 0.0282351
233 -1 -0.731674 0.0281375
234 -1 -0.732821 0.0280404
235 -1 -0.733957 0.027944
236 -1 -0.735085 0.0278481
237 -1 -0.736203 0.0277529
238 -1 -0.737311 0.0276583
239 -1 -0.73841 0.0275642
240 -1 -0.7395 0.0274708
241 -1 -0.740581 0.0273779
242 -1 -0.741653 0.0272856
243 -1 -0.742716 0.0271939
244 -1 -0.74377 0.0271027
245 -1 -0.744816 0.0270121
246 -1 -0.745854 0.0269221
247 -1 -0.746883 0.0268326
248 -1 -0.747903 0.0267437
249 -1 -0.748916 0.0266553
250 -1 -0.74992 0.0265674
251 -1 -0.750916 0.0264801
252 -1 -0.751905 0.0263933
253 -1 -0.752885 0.0263071
254 -1 -0.753858 0.0262214
255 -1 -0.754824 0.0261362
256 -1 -0.755781 0.0260515
257 -1 -0.756732 0.0259673
258 -1 -0.757674 0.0258837
259 -1 -0.75861 0.0258005
260 -1 -0.759538 0.0257178
261 -1 -0.76046 0.0256357
262 -1 -0.761374 0.025554
263 -1 -0.762281 0.0254728
264 -1 -0.763182 0.0253921
265 -1 -0.764075 0.0253119
266 -1 -0.764962 0.0252321
267 -1 -0.765843 0.0251529
268 -1 -0.766716 0.0250741
269 -1 -0.767584 0.0249957
270 -1 -0.768444 0.0249179
271 -1 -0.769299 0.0248404
272 -1 -0.770147 0.0247635
273 -1 -0.770989 0.024687
274 -1 -0.771825 0.0246109
275 -1 -0.772655 0.0245353
276 -1 -0.773478 0.0244601
277 -1 -0.774296 0.0243853
278 -1 -0.775108 0.024311
279 -1 -0.775914 0.0242371
280 -1 -0.776714 0.0241637
281 -1 -0.777509 0.0240906
282 -1 -0.778298 0.024018
283 -1 -0.779081 0.0239458
284 -1 -0.779859 0.023874
285 -1 -0.780632 0.0238027
286 -1 -0.781399 0.0237317
287 -1 -0.78216 0.0236611
288 -1 -0.782917 0.0235909
289 -1 -0.783668 0.0235212
290 -1 -0.784414 0.0234518
291 -1 -0.785155 0.0233828
292 -1 -0.78589 0.0233142
293 -1 -0.786621 0.023246
294 -1 -0.787347 0.0231781
295 -1 -0.788068 0.0231107
296 -1 -0.788784 0.0230436
297 -1 -0.789495 0.0229769
298 -1 -0.790201 0.0229105
299 -1 -0.790903 0.0228446
300 -1 -0.7916 0.022779
301 -1 -0.792292 0.0227137
302 -1 -0.79298 0.0226488
303 -1 -0.793663 0.0225843
304 -1 -0.794342 0.0225201
305 -1 -0.795016 0.0224563
306 -1 -0.795686 0.0223928
307 -1 -0.796352 0.0223296
308 -1 -0.797013 0.0222668
309 -1 -0.79767 0.0222044
310 -1 -0.798323 0.0221423
311 -1 -0.798971 0.0220805
312 -1 -0.799615 0.022019
313 -1 -0.800256 0.0219579
314 -1 -0.800892 0.0218971
315 -1 -0.801524 0.0218366
316 -1 -0.802152 0.0217765
317 -1 -0.802776 0.0217166
318 -1 -0.803396 0.0216571
319 -1 -0.804013 0.0215979
320 -1 -0.804625 0.021539
321 -1 -0.805234 0.0214804
322 -1 -0.805839 0.0214222
323 -1 -0.80644 0.0213642
324 -1 -0.807037 0.0213065
325 -1 -0.807631 0.0212492
326 -1 -0.808221 0.0211921
327 -1 -0.808807 0.0211353
328 -1 -0.80939 0.0210789
329 -1 -0.80997 0.0210227
330 -1 -0.810545 0.0209668
331 -1 -0.811118 0.0209112
332 -1 -0.811687 0.0208559
333 -1 -0.812252 0.0208008
334 -1 -0.812814 0.0207461
335 -1 -0.813373 0.0206916
336 -1 -0.813929 0.0206374
337 -1 -0.814481 0.0205835
338 -1 -0.81503 0.0205298
339 -1 -0.815575 0.0204765
340 -1 -0.816118 0.0204234
341 -1 -0.816657 0.0203705
342 -1 -0.817193 0.0203179
343 -1 -0.817726 0.0202656
344 -1 -0.818256 0.0202136
345 -1 -0.818783 0.0201618
346 -1 -0.819306 0.0201102
347 -1 -0.819827 0.020059
348 -1 -0.820345 0.0200079
349 -1 -0.82086 0.0199572
350 -1 -0.821371 0.0199066
351 -1 -0.82188 0.0198564
352 -1 -0.822386 0.0198063
353 -1 -0.82289 0.0197566
354 -1 -0.82339 0.019707
355 -1 -0.823887 0.0196577
356 -1 -0.824382 0.0196087
357 -1 -0.824874 0.0195599
358 -1 -0.825363 0.0195113
359 -1 -0.82585 0.0194629
360 -1 -0.826333 0.0194148
361 -1 -0.826814 0.019367
362 -1 -0.827293 0.0193193
363 -1 -0.827769 0.0192719
364 -1 -0.828242 0.0192247
365 -1 -0.828712 0.0191777
366 -1 -0.82918 0.019131
367 -1 -0.829646 0.0190845
368 -1 -0.830109 0.0190381
369 -1 -0.830569 0.0189921
370 -1 -0.831027 0.0189462
371 -1 -0.831482 0.0189006
372 -1 -0.831935 0.0188551
373 -1 -0.832386 0.0188099
374 -1 -0.832834 0.0187649
375 -1 -0.83328 0.0187201
376 -1 -0.833723 0.0186755
377 -1 -0.834164 0.0186311
378 -1 -0.834603 0.0185869
379 -1 -0.83504 0.018543
380 -1 -0.835474 0.0184992
381 -1 -0.835906 0.0184556
382 -1 -0.836335 0.0184123
383 -1 -0.836762 0.0183691
384 -1 -0.837188 0.0183261
385 -1 -0.83761 0.0182834
386 -1 -0.838031 0.0182408
387 -1 -0.83845 0.0181984
388 -1 -0.838866 0.0181562
389 -1 -0.83928 0.0181142
390 -1 -0.839692 0.0180724
391 -1 -0.840102 0.0180308
392 -1 -0.84051 0.0179894
393 -1 -0.840916 0.0179481
394 -1 -0.84132 0.0179071
395 -1 -0.841722 0.0178662
396 -1 -0.842121 0.0178255
397 -1 -0.842519 0.017785
398 -1 -0.842915 0.0177447
399 -1 -0.843308 0.0177045
400 -1 -0.8437 0.0176645
401 -1 -0.84409 0.0176247
402 -1 -0.844478 0.0175851
403 -1 -0.844864 0.0175457
404 -1 -0.845248 0.0175064
405 -1 -0.84563 0.0174673
406 -1 -0.84601 0.0174284
407 -1 -0.846388 0.0173896
408 -1 -0.846765 0.017351
409 -1 -0.847139 0.0173126
410 -1 -0.847512 0.0172744
411 -1 -0.847883 0.0172363
412 -1 -0.848252 0.0171983
413 -1 -0.84862 0.0171606
414 -1 -0.848986 0.017123
415 -1 -0.849349 0.0170856
416 -1 -0.849712 0.0170483
417 -1 -0.850072 0.0170112
418 -1 -0.850431 0.0169742
419 -1 -0.850788 0.0169374
420 -1 -0.851143 0.0169008
421 -1 -0.851496 0.0168643
422 -1 -0.851848 0.016828
423 -1 -0.852199 0.0167918
424 -1 -0.852547 0.0167558
425 -1 -0.852894 0.0167199
426 -1 -0.853239 0.0166842
427 -1 -0.853583 0.0166486
428 -1 -0.853925 0.0166132
429 -1 -0.854266 0.0165779
430 -1 -0.854605 0.0165428
431 -1 -0.854942 0.0165078
432 -1 -0.855278 0.016473
433 -1 -0.855612 0.0164383
434 -1 -0.855945 0.0164037
435 -1 -0.856276 0.0163693
436 -1 -0.856606 0.0163351
437 -1 -0.856934 0.0163009
438 -1 -0.85726 0.016267
439 -1 -0.857585 0.0162331
440 -1 -0.857909 0.0161994
441 -1 -0.858231 0.0161659
442 -1 -0.858552 0.0161324
443 -1 -0.858871 0.0160991
444 -1 -0.859189 0.016066
445 -1 -0.859506 0.016033
446 -1 -0.859821 0.0160001
447 -1 -0.860134 0.0159673
448 -1 -0.860446 0.0159347
449 -1 -0.860757 0.0159022
450 -1 -0.861067 0.0158698
451 -1 -0.861375 0.0158376
452 -1 -0.861681 0.0158055
453 -1 -0.861987 0.0157735
454 -1 -0.862291 0.0157417
455 -1 -0.862593 0.01571
456 -1 -0.862895 0.0156784
457 -1 -0.863195 0.0156469
458 -1 -0.863493 0.0156156
459 -1 -0.863791 0.0155843
460 -1 -0.864087 0.0155532
461 -1 -0.864382 0.0155223
462 -1 -0.864675 0.0154914
463 -1 -0.864968 0.0154607
464 -1 -0.865259 0.0154301
465 -1 -0.865548 0.0153996
466 -1 -0.865837 0.0153692
467 -1 -0.866124 0.015339
468 -1 -0.86641 0.0153088
469 -1 -0.866695 0.0152788
470 -1 -0.866979 0.0152489
471 -1 -0.867261 0.0152191
472 -1 -0.867542 0.0151894
473 -1 -0.867822 0.0151599
474 -1 -0.868101 0.0151304
475 -1 -0.868379 0.0151011
476 -1 -0.868655 0.0150719
477 -1 -0.868931 0.0150428
478 -1 -0.869205 0.0150138
479 -1 -0.869478 0.0149849
480 -1 -0.86975 0.0149561
481 -1 -0.870021 0.0149274
482 -1 -0.87029 0.0148989
483 -1 -0.870559 0.0148704
484 -1 -0.870826 0.0148421
485 -1 -0.871093 0.0148138
486 -1 -0.871358 0.0147857
487 -1 -0.871622 0.0147577
488 -1 -0.871885 0.0147297
489 -1 -0.872147 0.0147019
490 -1 -0.872408 0.0146742
491 -1 -0.872668 0.0146466
492 -1 -0.872927 0.0146191
493 -1 -0.873185 0.0145917
494 -1 -0.873441 0.0145644
495 -1 -0.873697 0.0145372
496 -1 -0.873952 0.0145101
497 -1 -0.874205 0.0144831
498 -1 -0.874458 0.0144562
499 -1 -0.874709 0.0144293
500 -1 -0.87496 0.0144026
501 -1 -0.87521 0.014376
502 -1 -0.875458 0.0143495
503 -1 -0.875706 0.0143231
504 -1 -0.875952 0.0142968
505 -1 -0.876198 0.0142706
506 -1 -0.876443 0.0142444
507 -1 -0.876686 0.0142184
508 -1 -0.876929 0.0141925
509 -1 -0.877171 0.0141666
510 -1 -0.877412 0.0141409
511 -1 -0.877652 0.0141152
512 -1 -0.877891 0.0140896
513 -1 -0.878129 0.0140641
514 -1 -0.878366 0.0140388
515 -1 -0.878602 0.0140135
516 -1 -0.878837 0.0139883
517 -1 -0.879072 0.0139631
518 -1 -0.879305 0.0139381
519 -1 -0.879538 0.0139132
520 -1 -0.879769 0.0138883
521 -1 -0.88 0.0138636
522 -1 -0.88023 0.0138389
523 -1 -0.880459 0.0138143
524 -1 -0.880687 0.0137898
525 -1 -0.880914 0.0137654
526 -1 -0.881141 0.0137411
527 -1 -0.881366 0.0137168
528 -1 -0.881591 0.0136927
529 -1 -0.881815 0.0136686
530 -1 -0.882038 0.0136446
531 -1 -0.88226 0.0136207
532 -1 -0.882481 0.0135969
533 -1 -0.882702 0.0135731
534 -1 -0.882921 0.0135494
535 -1 -0.88314 0.0135259
536 -1 -0.883358 0.0135024
537 -1 -0.883575 0.013479
538 -1 -0.883792 0.0134556
539 -1 -0.884007 0.0134324
540 -1 -0.884222 0.0134092
541 -1 -0.884436 0.0133861
542 -1 -0.884649 0.0133631
543 -1 -0.884862 0.0133401
544 -1 -0.885074 0.0133173
545 -1 -0.885284 0.0132945
546 -1 -0.885495 0.0132718
547 -1 -0.885704 0.0132491
548 -1 -0.885912 0.0132266
549 -1 -0.88612 0.0132041
550 -1 -0.886327 0.0131817
551 -1 -0.886534 0.0131594
552 -1 -0.886739 0.0131371
553 -1 -0.886944 0.0131149
554 -1 -0.887148 0.0130928
555 -1 -0.887351 0.0130708
556 -1 -0.887554 0.0130488
557 -1 -0.887756 0.013027
558 -1 -0.887957 0.0130052
559 -1 -0.888157 0.0129834
560 -1 -0.888357 0.0129617
561 -1 -0.888556 0.0129402
562 -1 -0.888754 0.0129186
563 -1 -0.888952 0.0128972
564 -1 -0.889149 0.0128758
565 -1 -0.889345 0.0128545
566 -1 -0.889541 0.0128332
567 -1 -0.889735 0.0128121
568 -1 -0.88993 0.012791
569 -1 -0.890123 0.0127699
570 -1 -0.890316 0.012749
571 -1 -0.890508 0.0127281
572 -1 -0.890699 0.0127072
573 -1 -0.89089 0.0126865
574 -1 -0.89108 0.0126658
575 -1 -0.89127 0.0126452
576 -1 -0.891458 0.0126246
577 -1 -0.891646 0.0126041
578 -1 -0.891834 0.0125837
579 -1 -0.892021 0.0125633
580 -1 -0.892207 0.012543
581 -1 -0.892392 0.0125228
582 -1 -0.892577 0.0125026
583 -1 -0.892762 0.0124825
584 -1 -0.892945 0.0124625
585 -1 -0.893128 0.0124425
586 -1 -0.893311 0.0124226
587 -1 -0.893492 0.0124027
588 -1 -0.893673 0.0123829
589 -1 -0.893854 0.0123632
590 -1 -0.894034 0.0123436
591 -1 -0.894213 0.012324
592 -1 -0.894392 0.0123044
593 -1 -0.89457 0.0122849
594 -1 -0.894747 0.0122655
595 -1 -0.894924 0.0122462
596 -1 -0.895101 0.0122269
597 -1 -0.895276 0.0122076
598 -1 -0.895452 0.0121885
599 -1 -0.895626 0.0121694
600 -1 -0.8958 0.0121503
601 -1 -0.895973 0.0121313
602 -1 -0.896146 0.0121124
603 -1 -0.896318 0.0120935
604 -1 -0.89649 0.0120747
605 -1 -0.896661 0.0120559
606 -1 -0.896832 0.0120372
607 -1 -0.897002 0.0120186
608 -1 -0.897171 0.012
609 -1 -0.89734 0.0119815
610 -1 -0.897508 0.011963
611 -1 -0.897676 0.0119446
612 -1 -0.897843 0.0119262
613 -1 -0.89801 0.0119079
614 -1 -0.898176 0.0118896
615 -1 -0.898341 0.0118715
616 -1 -0.898506 0.0118533
617 -1 -0.898671 0.0118352
618 -1 -0.898835 0.0118172
619 -1 -0.898998 0.0117992
620 -1 -0.899161 0.0117813
621 -1 -0.899324 0.0117634
622 -1 -0.899486 0.0117456
623 -1 -0.899647 0.0117279
624 -1 -0.899808 0.0117102
625 -1 -0.899968 0.0116925
626 -1 -0.900128 0.0116749
627 -1 -0.900287 0.0116574
628 -1 -0.900446 0.0116399
629 -1 -0.900604 0.0116224
630 -1 -0.900762 0.011605
631 -1 -0.900919 0.0115877
632 -1 -0.901076 0.0115704
633 -1 -0.901232 0.0115532
634 -1 -0.901388 0.011536
635 -1 -0.901543 0.0115189
636 -1 -0.901698 0.0115018
637 -1 -0.901852 0.0114847
638 -1 -0.902006 0.0114678
639 -1 -0.90216 0.0114508
640 -1 -0.902313 0.0114339
641 -1 -0.902465 0.0114171
642 -1 -0.902617 0.0114003
643 -1 -0.902768 0.0113836
644 -1 -0.902919 0.0113669
645 -1 -0.90307 0.0113503
646 -1 -0.90322 0.0113337
647 -1 -0.903369 0.0113171
648 -1 -0.903519 0.0113006
649 -1 -0.903667 0.0112842
650 -1 -0.903815 0.0112678
651 -1 -0.903963 0.0112514
652 -1 -0.90411 0.0112351
653 -1 -0.904257 0.0112189
654 -1 -0.904404 0.0112027
655 -1 -0.90455 0.0111865
656 -1 -0.904695 0.0111704
657 -1 -0.90484 0.0111543
658 -1 -0.904985 0.0111383
659 -1 -0.905129 0.0111223
660 -1 -0.905273 0.0111064
661 -1 -0.905416 0.0110905
662 -1 -0.905559 0.0110746
663 -1 -0.905701 0.0110588
664 -1 -0.905843 0.0110431
665 -1 -0.905985 0.0110274
666 -1 -0.906126 0.0110117
667 -1 -0.906267 0.0109961
668 -1 -0.906407 0.0109805
669 -1 -0.906547 0.010965
670 -1 -0.906687 0.0109495
671 -1 -0.906826 0.010934
672 -1 -0.906964 0.0109186
673 -1 -0.907103 0.0109033
674 -1 -0.90724 0.010888
675 -1 -0.907378 0.0108727
676 -1 -0.907515 0.0108575
677 -1 -0.907651 0.0108423
678 -1 -0.907788 0.0108271
679 -1 -0.907923 0.010812
680 -1 -0.908059 0.010797
681 -1 -0.908194 0.0107819
682 -1 -0.908328 0.010767
683 -1 -0.908463 0.010752
684 -1 -0.908596 0.0107371
685 -1 -0.90873 0.0107223
686 -1 -0.908863 0.0107074
687 -1 -0.908996 0.0106927
688 -1 -0.909128 0.0106779
689 -1 -0.90926 0.0106632
690 -1 -0.909391 0.0106486
691 -1 -0.909522 0.010634
692 -1 -0.909653 0.0106194
693 -1 -0.909784 0.0106049
694 -1 -0.909914 0.0105904
695 -1 -0.910043 0.0105759
696 -1 -0.910172 0.0105615
697 -1 -0.910301 0.0105471
698 -1 -0.91043 0.0105328
699 -1 -0.910558 0.0105185
700 -1 -0.910686 0.0105042
701 -1 -0.910813 0.01049
702 -1 -0.91094 0.0104758
703 -1 -0.911067 0.0104617
704 -1 -0.911193 0.0104476
705 -1 -0.911319 0.0104335
706 -1 -0.911445 0.0104195
707 -1 -0.91157 0.0104055
708 -1 -0.911695 0.0103915
709 -1 -0.911819 0.0103776
710 -1 -0.911944 0.0103637
711 -1 -0.912068 0.0103499
712 -1 -0.912191 0.0103361
713 -1 -0.912314 0.0103223
714 -1 -0.912437 0.0103086
715 -1 -0.912559 0.0102949
716 -1 -0.912682 0.0102812
717 -1 -0.912803 0.0102676
718 -1 -0.912925 0.010254
719 -1 -0.913046 0.0102404
720 -1 -0.913167 0.0102269
721 -1 -0.913287 0.0102134
722 -1 -0.913407 0.0102
723 -1 -0.913527 0.0101866
724 -1 -0.913646 0.0101732
725 -1 -0.913766 0.0101598
726 -1 -0.913884 0.0101465
727 -1 -0.914003 0.0101333
728 -1 -0.914121 0.01012
729 -1 -0.914239 0.0101068
730 -1 -0.914356 0.0100936
731 -1 -0.914473 0.0100805
732 -1 -0.91459 0.0100674
733 -1 -0.914707 0.0100543
734 -1 -0.914823 0.0100413
735 -1 -0.914939 0.0100283
736 -1 -0.915054 0.0100153
737 -1 -0.91517 0.0100024
738 -1 -0.915285 0.0099895
739 -1 -0.915399 0.00997663
740 -1 -0.915514 0.00996379
741 -1 -0.915628 0.00995099
742 -1 -0.915741 0.00993822
743 -1 -0.915855 0.00992548
744 -1 -0.915968 0.00991278
745 -1 -0.916081 0.00990011
746 -1 -0.916193 0.00988747
747 -1 -0.916305 0.00987486
748 -1 -0.916417 0.00986228
749 -1 -0.916529 0.00984974
750 -1 -0.91664 0.00983723
751 -1 -0.916751 0.00982475
752 -1 -0.916862 0.0098123
753 -1 -0.916972 0.00979988
754 -1 -0.917082 0.00978749
755 -1 -0.917192 0.00977514
756 -1 -0.917302 0.00976281
757 -1 -0.917411 0.00975052
758 -1 -0.91752 0.00973826
759 -1 -0.917628 0.00972603
760 -1 -0.917737 0.00971383
761 -1 -0.917845 0.00970166
762 -1 -0.917953 0.00968951
763 -1 -0.91806 0.0096774
764 -1 -0.918168 0.00966532
765 -1 -0.918275 0.00965327
766 -1 -0.918381 0.00964125
767 -1 -0.918488 0.00962926
768 -1 -0.918594 0.0096173
769 -1 -0.9187 0.00960537
770 -1 -0.918805 0.00959347
771 -1 -0.918911 0.0095816
772 -1 -0.919016 0.00956976
773 -1 -0.91912 0.00955794
774 -1 -0.919225 0.00954616
775 -1 -0.919329 0.0095344
776 -1 -0.919433 0.00952267
777 -1 -0.919537 0.00951098
778 -1 -0.91964 0.00949931
779 -1 -0.919743 0.00948767
780 -1 -0.919846 0.00947605
781 -1 -0.919949 0.00946447
782 -1 -0.920051 0.00945291
783 -1 -0.920153 0.00944138
784 -1 -0.920255 0.00942988
785 -1 -0.920357 0.00941841
786 -1 -0.920458 0.00940697
787 -1 -0.920559 0.00939555
788 -1 -0.92066 0.00938416
789 -1 -0.92076 0.0093728
790 -1 -0.920861 0.00936146
791 -1 -0.920961 0.00935016
792 -1 -0.921061 0.00933888
793 -1 -0.92116 0.00932762
794 -1 -0.921259 0.0093164
795 -1 -0.921358 0.0093052
796 -1 -0.921457 0.00929403
797 -1 -0.921556 0.00928288
798 -1 -0.921654 0.00927176
799 -1 -0.921752 0.00926067
800 -1 -0.92185 0.0092496
801 -1 -0.921948 0.00923856
802 -1 -0.922045 0.00922755
803 -1 -0.922142 0.00921656
804 -1 -0.922239 0.0092056
805 -1 -0.922335 0.00919467
806 -1 -0.922432 0.00918376
807 -1 -0.922528 0.00917287
808 -1 -0.922624 0.00916202
809 -1 -0.922719 0.00915118
810 -1 -0.922815 0.00914038
811 -1 -0.92291 0.0091296
812 -1 -0.923005 0.00911884
813 -1 -0.9231 0.00910811
814 -1 -0.923194 0.0090974
815 -1 -0.923288 0.00908672
816 -1 -0.923382 0.00907607
817 -1 -0.923476 0.00906544
818 -1 -0.92357 0.00905483
819 -1 -0.923663 0.00904425
820 -1 -0.923756 0.00903369
821 -1 -0.923849 0.00902316
822 -1 -0.923942 0.00901265
823 -1 -0.924034 0.00900217
824 -1 -0.924126 0.00899171
825 -1 -0.924218 0.00898128
826 -1 -0.92431 0.00897087
827 -1 -0.924401 0.00896048
828 -1 -0.924493 0.00895012
829 -1 -0.924584 0.00893978
830 -1 -0.924675 0.00892946
831 -1 -0.924765 0.00891917
832 -1 -0.924856 0.0089089
833 -1 -0.924946 0.00889866
834 -1 -0.925036 0.00888844
835 -1 -0.925126 0.00887824
836 -1 -0.925215 0.00886807
837 -1 -0.925305 0.00885792
838 -1 -0.925394 0.00884779
839 -1 -0.925483 0.00883768
840 -1 -0.925571 0.0088276
841 -1 -0.92566 0.00881754
842 -1 -0.925748 0.00880751
843 -1 -0.925836 0.00879749
844 -1 -0.925924 0.0087875
845 -1 -0.926012 0.00877754
846 -1 -0.926099 0.00876759
847 -1 -0.926187 0.00875767
848 -1 -0.926274 0.00874777
849 -1 -0.92636 0.00873789
850 -1 -0.926447 0.00872803
851 -1 -0.926533 0.0087182
852 -1 -0.92662 0.00870839
853 -1 -0.926706 0.0086986
854 -1 -0.926792 0.00868883
855 -1 -0.926877 0.00867908
856 -1 -0.926963 0.00866936
857 -1 -0.927048 0.00865966
858 -1 -0.927133 0.00864998
859 -1 -0.927218 0.00864032
860 -1 -0.927302 0.00863068
861 -1 -0.927387 0.00862106
862 -1 -0.927471 0.00861147
863 -1 -0.927555 0.0086019
864 -1 -0.927639 0.00859234
865 -1 -0.927723 0.00858281
866 -1 -0.927806 0.0085733
867 -1 -0.927889 0.00856381
868 -1 -0.927972 0.00855434
869 -1 -0.928055 0.0085449
870 -1 -0.928138 0.00853547
871 -1 -0.92822 0.00852606
872 -1 -0.928303 0.00851668
873 -1 -0.928385 0.00850731
874 -1 -0.928467 0.00849797
875 -1 -0.928549 0.00848864
876 -1 -0.92863 0.00847934
877 -1 -0.928712 0.00847006
878 -1 -0.928793 0.0084608
879 -1 -0.928874 0.00845155
880 -1 -0.928955 0.00844233
881 -1 -0.929035 0.00843313
882 -1 -0.929116 0.00842394
883 -1 -0.929196 0.00841478
884 -1 -0.929276 0.00840564
885 -1 -0.929356 0.00839652
886 -1 -0.929436 0.00838741
887 -1 -0.929515 0.00837833
888 -1 -0.929595 0.00836927
889 -1 -0.929674 0.00836022
890 -1 -0.929753 0.0083512
891 -1 -0.929832 0.00834219
892 -1 -0.92991 0.0083332
893 -1 -0.929989 0.00832424
894 -1 -0.930067 0.00831529
895 -1 -0.930145 0.00830636
896 -1 -0.930223 0.00829745
897 -1 -0.930301 0.00828856
898 -1 -0.930379 0.00827969
899 -1 -0.930456 0.00827084
900 -1 -0.930533 0.008262
901 -1 -0.93061 0.00825319
902 -1 -0.930687 0.00824439
903 -1 -0.930764 0.00823562
904 -1 -0.930841 0.00822686
905 -1 -0.930917 0.00821812
906 -1 -0.930993 0.0082094
907 -1 -0.931069 0.00820069
908 -1 -0.931145 0.00819201
909 -1 -0.931221 0.00818334
910 -1 -0.931297 0.00817469
911 -1 -0.931372 0.00816606
912 -1 -0.931447 0.00815745
913 -1 -0.931522 0.00814886
914 -1 -0.931597 0.00814028
915 -1 -0.931672 0.00813172
916 -1 -0.931747 0.00812318
917 -1 -0.931821 0.00811466
918 -1 -0.931895 0.00810616
919 -1 -0.93197 0.00809767
920 -1 -0.932043 0.0080892
921 -1 -0.932117 0.00808075
922 -1 -0.932191 0.00807232
923 -1 -0.932264 0.0080639
924 -1 -0.932338 0.0080555
925 -1 -0.932411 0.00804712
926 -1 -0.932484 0.00803876
927 -1 -0.932557 0.00803041
928 -1 -0.932629 0.00802209
929 -1 -0.932702 0.00801377
930 -1 -0.932774 0.00800548
931 -1 -0.932846 0.0079972
932 -1 -0.932918 0.00798894
933 -1 -0.93299 0.0079807
934 -1 -0.933062 0.00797247
935 -1 -0.933134 0.00796426
936 -1 -0.933205 0.00795607
937 -1 -0.933276 0.00794789
938 -1 -0.933348 0.00793973
939 -1 -0.933419 0.00793159
940 -1 -0.933489 0.00792347
941 -1 -0.93356 0.00791536
942 -1 -0.933631 0.00790726
943 -1 -0.933701 0.00789919
944 -1 -0.933771 0.00789113
945 -1 -0.933841 0.00788309
946 -1 -0.933911 0.00787506
947 -1 -0.933981 0.00786705
948 -1 -0.934051 0.00785905
949 -1 -0.93412 0.00785108
950 -1 -0.934189 0.00784311
951 -1 -0.934259 0.00783517
952 -1 -0.934328 0.00782724
953 -1 -0.934397 0.00781932
954 -1 -0.934465 0.00781143
955 -1 -0.934534 0.00780354
956 -1 -0.934603 0.00779568
957 -1 -0.934671 0.00778783
958 -1 -0.934739 0.00777999
959 -1 -0.934807 0.00777217
960 -1 -0.934875 0.00776437
961 -1 -0.934943 0.00775658
962 -1 -0.93501 0.00774881
963 -1 -0.935078 0.00774105
964 -1 -0.935145 0.00773331
965 -1 -0.935212 0.00772559
966 -1 -0.93528 0.00771788
967 -1 -0.935346 0.00771018
968 -1 -0.935413 0.0077025
969 -1 -0.93548 0.00769484
970 -1 -0.935546 0.00768719
971 -1 -0.935613 0.00767955
972 -1 -0.935679 0.00767194
973 -1 -0.935745 0.00766433
974 -1 -0.935811 0.00765674
975 -1 -0.935877 0.00764917
976 -1 -0.935943 0.00764161
977 -1 -0.936008 0.00763407
978 -1 -0.936074 0.00762654
979 -1 -0.936139 0.00761902
980 -1 -0.936204 0.00761152
981 -1 -0.936269 0.00760404
982 -1 -0.936334 0.00759657
983 -1 -0.936399 0.00758911
984 -1 -0.936463 0.00758167
985 -1 -0.936528 0.00757425
986 -1 -0.936592 0.00756683
987 -1 -0.936657 0.00755944
988 -1 -0.936721 0.00755205
989 -1 -0.936785 0.00754469
990 -1 -0.936848 0.00753733
991 -1 -0.936912 0.00752999
992 -1 -0.936976 0.00752267
993 -1 -0.937039 0.00751535
994 -1 -0.937103 0.00750806
995 -1 -0.937166 0.00750077
996 -1 -0.937229 0.0074935
997 -1 -0.937292 0.00748625
998 -1 -0.937355 0.00747901
999 -1 -0.937417 0.00747178
1000 -1 -0.93748 0.00746457
