1 -0.1944 -0.1944 0
2 -0.5936 -0.394 0.1996
3 -0.7552 -0.5144 0.166662
4 -0.7544 -0.5744 0.132243
5 -0.7544 -0.6104 0.108577
6 -0.7536 -0.634267 0.0918088
7 -0.7528 -0.6512 0.0794188
8 -0.756 -0.6643 0.0700152
9 -0.7584 -0.674756 0.0626265
10 -0.756 -0.68288 0.056601
11 -0.7536 -0.689309 0.0515996
12 -0.7544 -0.694733 0.0474151
13 -0.756 -0.699446 0.0438694
14 -0.7568 -0.703543 0.0408213
15 -0.7544 -0.706933 0.0381535
16 -0.8344 -0.7149 0.0365677
17 -0.8376 -0.722118 0.0350995
18 -0.8376 -0.728533 0.0337083
19 -0.84 -0.7344 0.0324201
20 -0.84 -0.73968 0.0312063
21 -0.8384 -0.744381 0.030053
22 -0.8376 -0.748618 0.028966
23 -0.836 -0.752417 0.0279375
24 -0.8384 -0.756 0.026987
25 -0.8392 -0.759328 0.0260981
26 -0.8376 -0.762338 0.0252543
27 -0.8384 -0.765156 0.0244637
28 -0.8392 -0.7678 0.0237217
29 -0.8408 -0.770317 0.0230271
30 -0.8416 -0.772693 0.0223728
31 -0.8408 -0.77489 0.0217503
32 -0.8408 -0.77695 0.0211601
33 -0.9216 -0.781333 0.0209721
34 -0.9216 -0.785459 0.02076
35 -0.9224 -0.789371 0.0205343
36 -0.9224 -0.793067 0.020295
37 -0.9232 -0.796584 0.0200498
38 -0.9216 -0.799874 0.0197904
39 -0.9224 -0.803015 0.0195306
40 -0.924 -0.80604 0.0192749
41 -0.9248 -0.808937 0.0190207
42 -0.9232 -0.811657 0.0187606
43 -0.9248 -0.814288 0.0185071
44 -0.9248 -0.8168 0.0182552
45 -0.9248 -0.8192 0.0180056
46 -0.9256 -0.821513 0.0177611
47 -0.9272 -0.823762 0.017524
48 -0.9272 -0.825917 0.0172898
49 -0.9272 -0.827984 0.017059
50 -0.928 -0.829984 0.0168336
51 -0.9288 -0.831922 0.0166136
52 -0.9288 -0.833785 0.0163971
53 -0.9288 -0.835577 0.0161844
54 -0.9288 -0.837304 0.0159754
55 -0.928 -0.838953 0.0157687
56 -0.9288 -0.840557 0.0155675
57 -0.9296 -0.842119 0.0153715
58 -0.928 -0.8436 0.0151766
59 -0.9296 -0.845058 0.0149882
60 -0.9296 -0.846467 0.0148034
61 -0.9304 -0.847843 0.0146236
62 -0.9304 -0.849174 0.0144473
63 -0.9304 -0.850463 0.0142745
64 -0.9296 -0.8517 0.014104
65 -0.9328 -0.852948 0.0139412
66 -0.9312 -0.854133 0.0137795
67 -0.932 -0.855296 0.0136219
68 -0.932 -0.856424 0.0134674
69 -0.9344 -0.857554 0.0133189
70 -0.9344 -0.858651 0.013173
71 -0.9336 -0.859707 0.013029
72 -0.9344 -0.860744 0.0128886
73 -0.936 -0.861775 0.0127525
74 -0.936 -0.862778 0.012619
75 -0.9376 -0.863776 0.0124895
76 -0.9376 -0.864747 0.0123623
77 -0.9368 -0.865683 0.0122365
78 -0.9368 -0.866595 0.012113
79 -0.9368 -0.867484 0.0119916
80 -0.9384 -0.86837 0.0118739
81 -1.02 -0.870242 0.0118749
82 -1.02 -0.872068 0.0118705
83 -1.02 -0.873851 0.0118613
84 -1.02 -0.87559 0.0118477
85 -1.02 -0.877289 0.0118301
86 -1.02 -0.878949 0.0118089
87 -1.02 -0.88057 0.0117844
88 -1.02 -0.882155 0.011757
89 -1.02 -0.883703 0.0117269
90 -1.02 -0.885218 0.0116943
91 -1.02 -0.886699 0.0116596
92 -1.02 -0.888148 0.0116228
93 -1.02 -0.889566 0.0115842
94 -1.02 -0.890953 0.011544
95 -1.02 -0.892312 0.0115024
96 -1.02 -0.893642 0.0114594
97 -1.02 -0.894944 0.0114152
98 -1.02 -0.89622 0.0113699
99 -1.02 -0.897471 0.0113237
100 -1.02 -0.898696 0.0112767
101 -1.02 -0.899897 0.0112289
102 -1.02 -0.901075 0.0111804
103 -1.02 -0.902229 0.0111314
104 -1.02 -0.903362 0.0110819
105 -1.02 -0.904472 0.0110319
106 -1.02 -0.905562 0.0109815
107 -1.02 -0.906632 0.0109309
108 -1.02 -0.907681 0.0108799
109 -1.02 -0.908712 0.0108288
110 -1.02 -0.909724 0.0107775
111 -1.02 -0.910717 0.0107261
112 -1.02 -0.911693 0.0106746
113 -1.02 -0.912651 0.010623
114 -1.02 -0.913593 0.0105714
115 -1.02 -0.914518 0.0105199
116 -1.02 -0.915428 0.0104684
117 -1.02 -0.916321 0.0104169
118 -1.02 -0.9172 0.0103656
119 -1.02 -0.918064 0.0103143
120 -1.02 -0.918913 0.0102632
121 -1.02 -0.919749 0.0102123
122 -1.02 -0.92057 0.0101615
123 -1.02 -0.921379 0.0101109
124 -1.02 -0.922174 0.0100605
125 -1.02 -0.922957 0.0100104
126 -1.02 -0.923727 0.00996043
127 -1.02 -0.924485 0.00991072
128 -1.02 -0.925231 0.00986126
129 -1.02 -0.925966 0.00981206
130 -1.02 -0.926689 0.00976312
131 -1.02 -0.927402 0.00971446
132 -1.02 -0.928103 0.00966607
133 -1.02 -0.928794 0.00961797
134 -1.02 -0.929475 0.00957016
135 -1.02 -0.930145 0.00952264
136 -1.02 -0.930806 0.00947543
137 -1.02 -0.931457 0.00942851
138 -1.02 -0.932099 0.00938191
139 -1.02 -0.932731 0.00933561
140 -1.02 -0.933354 0.00928962
141 -1.02 -0.933969 0.00924395
142 -1.02 -0.934575 0.0091986
143 -1.02 -0.935172 0.00915356
144 -1.02 -0.935761 0.00910884
145 -1.02 -0.936342 0.00906444
146 -1.02 -0.936915 0.00902036
147 -1.02 -0.93748 0.00897659
148 -1.02 -0.938038 0.00893315
149 -1.02 -0.938588 0.00889003
150 -1.02 -0.939131 0.00884723
151 -1.02 -0.939666 0.00880475
152 -1.02 -0.940195 0.00876258
153 -1.02 -0.940716 0.00872073
154 -1.02 -0.941231 0.0086792
155 -1.02 -0.941739 0.00863799
156 -1.02 -0.942241 0.00859709
157 -1.02 -0.942736 0.0085565
158 -1.02 -0.943225 0.00851622
159 -1.02 -0.943708 0.00847626
160 -1.02 -0.944185 0.0084366
161 -1.02 -0.944656 0.00839725
162 -1.02 -0.945121 0.0083582
163 -1.02 -0.94558 0.00831946
164 -1.02 -0.946034 0.00828102
165 -1.02 -0.946482 0.00824288
166 -1.02 -0.946925 0.00820503
167 -1.02 -0.947363 0.00816748
168 -1.02 -0.947795 0.00813022
169 -1.02 -0.948222 0.00809326
170 -1.02 -0.948645 0.00805658
171 -1.02 -0.949062 0.00802019
172 -1.02 -0.949474 0.00798408
173 -1.02 -0.949882 0.00794826
174 -1.02 -0.950285 0.00791272
175 -1.02 -0.950683 0.00787745
176 -1.02 -0.951077 0.00784246
177 -1.02 -0.951467 0.00780774
178 -1.02 -0.951852 0.0077733
179 -1.02 -0.952232 0.00773912
180 -1.02 -0.952609 0.00770521
181 -1.02 -0.952981 0.00767156
182 -1.02 -0.953349 0.00763817
183 -1.02 -0.953714 0.00760504
184 -1.02 -0.954074 0.00757217
185 -1.02 -0.95443 0.00753956
186 -1.02 -0.954783 0.0075072
187 -1.02 -0.955132 0.00747508
188 -1.02 -0.955477 0.00744322
189 -1.02 -0.955818 0.0074116
190 -1.02 -0.956156 0.00738022
191 -1.02 -0.95649 0.00734908
192 -1.02 -0.956821 0.00731819
193 -1.02 -0.957148 0.00728753
194 -1.02 -0.957472 0.0072571
195 -1.02 -0.957793 0.00722691
196 -1.02 -0.95811 0.00719694
197 -1.02 -0.958424 0.0071672
198 -1.02 -0.958735 0.00713769
199 -1.02 -0.959043 0.0071084
200 -1.02 -0.959348 0.00707934
201 -1.02 -0.95965 0.00705049
202 -1.02 -0.959949 0.00702186
203 -1.02 -0.960244 0.00699344
204 -1.02 -0.960537 0.00696523
205 -1.02 -0.960827 0.00693724
206 -1.02 -0.961115 0.00690946
207 -1.02 -0.961399 0.00688188
208 -1.02 -0.961681 0.00685451
209 -1.02 -0.96196 0.00682733
210 -1.02 -0.962236 0.00680036
211 -1.02 -0.96251 0.00677359
212 -1.02 -0.962781 0.00674702
213 -1.02 -0.96305 0.00672064
214 -1.02 -0.963316 0.00669445
215 -1.02 -0.96358 0.00666846
216 -1.02 -0.963841 0.00664265
217 -1.02 -0.9641 0.00661703
218 -1.02 -0.964356 0.0065916
219 -1.02 -0.96461 0.00656635
220 -1.02 -0.964862 0.00654128
221 -1.02 -0.965111 0.00651639
222 -1.02 -0.965359 0.00649168
223 -1.02 -0.965604 0.00646715
224 -1.02 -0.965846 0.00644279
225 -1.02 -0.966087 0.00641861
226 -1.02 -0.966326 0.00639459
227 -1.02 -0.966562 0.00637075
228 -1.02 -0.966796 0.00634708
229 -1.02 -0.967029 0.00632357
230 -1.02 -0.967259 0.00630022
231 -1.02 -0.967487 0.00627705
232 -1.02 -0.967714 0.00625403
233 -1.02 -0.967938 0.00623117
234 -1.02 -0.968161 0.00620847
235 -1.02 -0.968381 0.00618593
236 -1.02 -0.9686 0.00616355
237 -1.02 -0.968817 0.00614132
238 -1.02 -0.969032 0.00611924
239 -1.02 -0.969245 0.00609731
240 -1.02 -0.969457 0.00607553
241 -1.02 -0.969666 0.0060539
242 -1.02 -0.969874 0.00603242
243 -1.02 -0.970081 0.00601109
244 -1.02 -0.970285 0.0059899
245 -1.02 -0.970488 0.00596885
246 -1.02 -0.970689 0.00594794
247 -1.02 -0.970889 0.00592717
248 -1.02 -0.971087 0.00590655
249 -1.02 -0.971284 0.00588606
250 -1.02 -0.971478 0.0058657
251 -1.02 -0.971672 0.00584548
252 -1.02 -0.971863 0.0058254
253 -1.02 -0.972054 0.00580545
254 -1.02 -0.972243 0.00578563
255 -1.02 -0.97243 0.00576593
256 -1.02 -0.972616 0.00574637
257 -1.02 -0.9728 0.00572694
258 -1.02 -0.972983 0.00570763
259 -1.02 -0.973164 0.00568845
260 -1.02 -0.973345 0.00566939
261 -1.02 -0.973523 0.00565045
262 -1.02 -0.973701 0.00563164
263 -1.02 -0.973877 0.00561295
264 -1.02 -0.974052 0.00559438
265 -1.02 -0.974225 0.00557592
266 -1.02 -0.974397 0.00555758
267 -1.02 -0.974568 0.00553936
268 -1.02 -0.974737 0.00552126
269 -1.02 -0.974906 0.00550327
270 -1.02 -0.975073 0.00548539
271 -1.02 -0.975238 0.00546763
272 -1.02 -0.975403 0.00544997
273 -1.02 -0.975566 0.00543243
274 -1.02 -0.975728 0.005415
275 -1.02 -0.975889 0.00539767
276 -1.02 -0.976049 0.00538045
277 -1.02 -0.976208 0.00536334
278 -1.02 -0.976365 0.00534633
279 -1.02 -0.976522 0.00532943
280 -1.02 -0.976677 0.00531263
281 -1.02 -0.976831 0.00529594
282 -1.02 -0.976984 0.00527935
283 -1.02 -0.977136 0.00526285
284 -1.02 -0.977287 0.00524646
285 -1.02 -0.977437 0.00523017
286 -1.02 -0.977586 0.00521397
287 -1.02 -0.977734 0.00519787
288 -1.02 -0.977881 0.00518187
289 -1.02 -0.978026 0.00516597
290 -1.02 -0.978171 0.00515016
291 -1.02 -0.978315 0.00513444
292 -1.02 -0.978458 0.00511882
293 -1.02 -0.978599 0.00510329
294 -1.02 -0.97874 0.00508785
295 -1.02 -0.97888 0.0050725
296 -1.02 -0.979019 0.00505724
297 -1.02 -0.979157 0.00504208
298 -1.02 -0.979294 0.005027
299 -1.02 -0.97943 0.00501201
300 -1.02 -0.979565 0.0049971
301 -1.02 -0.9797 0.00498228
302 -1.02 -0.979833 0.00496755
303 -1.02 -0.979966 0.0049529
304 -1.02 -0.980097 0.00493834
305 -1.02 -0.980228 0.00492386
306 -1.02 -0.980358 0.00490946
307 -1.02 -0.980487 0.00489515
308 -1.02 -0.980616 0.00488092
309 -1.02 -0.980743 0.00486676
310 -1.02 -0.98087 0.00485269
311 -1.02 -0.980995 0.0048387
312 -1.02 -0.981121 0.00482479
313 -1.02 -0.981245 0.00481095
314 -1.02 -0.981368 0.00479719
315 -1.02 -0.981491 0.00478351
316 -1.02 -0.981613 0.00476991
317 -1.02 -0.981734 0.00475638
318 -1.02 -0.981854 0.00474292
319 -1.02 -0.981974 0.00472954
320 -1.02 -0.982093 0.00471624
321 -1.02 -0.982211 0.00470301
322 -1.02 -0.982328 0.00468985
323 -1.02 -0.982445 0.00467676
324 -1.02 -0.98256 0.00466374
325 -1.02 -0.982676 0.0046508
326 -1.02 -0.98279 0.00463792
327 -1.02 -0.982904 0.00462512
328 -1.02 -0.983017 0.00461238
329 -1.02 -0.983129 0.00459972
330 -1.02 -0.983241 0.00458712
331 -1.02 -0.983352 0.00457459
332 -1.02 -0.983463 0.00456212
333 -1.02 -0.983572 0.00454972
334 -1.02 -0.983681 0.00453739
335 -1.02 -0.98379 0.00452513
336 -1.02 -0.983898 0.00451293
337 -1.02 -0.984005 0.00450079
338 -1.02 -0.984111 0.00448872
339 -1.02 -0.984217 0.00447671
340 -1.02 -0.984322 0.00446476
341 -1.02 -0.984427 0.00445288
342 -1.02 -0.984531 0.00444106
343 -1.02 -0.984634 0.0044293
344 -1.02 -0.984737 0.0044176
345 -1.02 -0.984839 0.00440596
346 -1.02 -0.984941 0.00439439
347 -1.02 -0.985042 0.00438287
348 -1.02 -0.985143 0.00437141
349 -1.02 -0.985242 0.00436001
350 -1.02 -0.985342 0.00434867
351 -1.02 -0.98544 0.00433739
352 -1.02 -0.985539 0.00432616
353 -1.02 -0.985636 0.00431499
354 -1.02 -0.985733 0.00430388
355 -1.02 -0.98583 0.00429283
356 -1.02 -0.985926 0.00428183
357 -1.02 -0.986021 0.00427088
358 -1.02 -0.986116 0.00425999
359 -1.02 -0.986211 0.00424916
360 -1.02 -0.986304 0.00423838
361 -1.02 -0.986398 0.00422765
362 -1.02 -0.986491 0.00421698
363 -1.02 -0.986583 0.00420636
364 -1.02 -0.986675 0.00419579
365 -1.02 -0.986766 0.00418528
366 -1.02 -0.986857 0.00417481
367 -1.02 -0.986947 0.0041644
368 -1.02 -0.987037 0.00415404
369 -1.02 -0.987126 0.00414373
370 -1.02 -0.987215 0.00413347
371 -1.02 -0.987304 0.00412326
372 -1.02 -0.987391 0.0041131
373 -1.02 -0.987479 0.00410299
374 -1.02 -0.987566 0.00409293
375 -1.02 -0.987652 0.00408292
376 -1.02 -0.987738 0.00407295
377 -1.02 -0.987824 0.00406304
378 -1.02 -0.987909 0.00405317
379 -1.02 -0.987994 0.00404335
380 -1.02 -0.988078 0.00403357
381 -1.02 -0.988162 0.00402384
382 -1.02 -0.988245 0.00401416
383 -1.02 -0.988328 0.00400452
384 -1.02 -0.98841 0.00399493
385 -1.02 -0.988492 0.00398539
386 -1.02 -0.988574 0.00397589
387 -1.02 -0.988655 0.00396643
388 -1.02 -0.988736 0.00395702
389 -1.02 -0.988816 0.00394765
390 -1.02 -0.988896 0.00393833
391 -1.02 -0.988976 0.00392905
392 -1.02 -0.989055 0.00391981
393 -1.02 -0.989134 0.00391062
394 -1.02 -0.989212 0.00390147
395 -1.02 -0.98929 0.00389236
396 -1.02 -0.989368 0.00388329
397 -1.02 -0.989445 0.00387427
398 -1.02 -0.989522 0.00386528
399 -1.02 -0.989598 0.00385634
400 -1.02 -0.989674 0.00384744
401 -1.02 -0.98975 0.00383858
402 -1.02 -0.989825 0.00382975
403 -1.02 -0.9899 0.00382097
404 -1.02 -0.989974 0.00381223
405 -1.02 -0.990048 0.00380353
406 -1.02 -0.990122 0.00379487
407 -1.02 -0.990196 0.00378624
408 -1.02 -0.990269 0.00377766
409 -1.02 -0.990341 0.00376911
410 -1.02 -0.990414 0.0037606
411 -1.02 -0.990486 0.00375213
412 -1.02 -0.990557 0.0037437
413 -1.02 -0.990629 0.0037353
414 -1.02 -0.9907 0.00372695
415 -1.02 -0.99077 0.00371863
416 -1.02 -0.99084 0.00371034
417 -1.02 -0.99091 0.00370209
418 -1.02 -0.99098 0.00369388
419 -1.02 -0.991049 0.00368571
420 -1.02 -0.991118 0.00367757
421 -1.02 -0.991187 0.00366946
422 -1.02 -0.991255 0.00366139
423 -1.02 -0.991323 0.00365336
424 -1.02 -0.991391 0.00364536
425 -1.02 -0.991458 0.0036374
426 -1.02 -0.991525 0.00362946
427 -1.02 -0.991592 0.00362157
428 -1.02 -0.991658 0.00361371
429 -1.02 -0.991724 0.00360588
430 -1.02 -0.99179 0.00359808
431 -1.02 -0.991855 0.00359032
432 -1.02 -0.99192 0.0035826
433 -1.02 -0.991985 0.0035749
434 -1.02 -0.99205 0.00356724
435 -1.02 -0.992114 0.00355961
436 -1.02 -0.992178 0.00355201
437 -1.02 -0.992242 0.00354444
438 -1.02 -0.992305 0.00353691
439 -1.02 -0.992368 0.00352941
440 -1.02 -0.992431 0.00352194
441 -1.02 -0.992493 0.0035145
442 -1.02 -0.992556 0.00350709
443 -1.02 -0.992618 0.00349971
444 -1.02 -0.992679 0.00349237
445 -1.02 -0.992741 0.00348505
446 -1.02 -0.992802 0.00347776
447 -1.02 -0.992863 0.00347051
448 -1.02 -0.992923 0.00346328
449 -1.02 -0.992984 0.00345609
450 -1.02 -0.993044 0.00344892
451 -1.02 -0.993103 0.00344178
452 -1.02 -0.993163 0.00343468
453 -1.02 -0.993222 0.0034276
454 -1.02 -0.993281 0.00342055
455 -1.02 -0.99334 0.00341353
456 -1.02 -0.993398 0.00340654
457 -1.02 -0.993456 0.00339957
458 -1.02 -0.993514 0.00339264
459 -1.02 -0.993572 0.00338573
460 -1.02 -0.99363 0.00337885
461 -1.02 -0.993687 0.003372
462 -1.02 -0.993744 0.00336517
463 -1.02 -0.9938 0.00335837
464 -1.02 -0.993857 0.0033516
465 -1.02 -0.993913 0.00334486
466 -1.02 -0.993969 0.00333815
467 -1.02 -0.994025 0.00333146
468 -1.02 -0.99408 0.00332479
469 -1.02 -0.994136 0.00331816
470 -1.02 -0.994191 0.00331155
471 -1.02 -0.994245 0.00330496
472 -1.02 -0.9943 0.0032984
473 -1.02 -0.994354 0.00329187
474 -1.02 -0.994408 0.00328537
475 -1.02 -0.994462 0.00327888
476 -1.02 -0.994516 0.00327243
477 -1.02 -0.994569 0.003266
478 -1.02 -0.994623 0.00325959
479 -1.02 -0.994676 0.00325321
480 -1.02 -0.994728 0.00324686
481 -1.02 -0.994781 0.00324052
482 -1.02 -0.994833 0.00323422
483 -1.02 -0.994885 0.00322794
484 -1.02 -0.994937 0.00322168
485 -1.02 -0.994989 0.00321544
486 -1.02 -0.99504 0.00320923
487 -1.02 -0.995092 0.00320305
488 -1.02 -0.995143 0.00319688
489 -1.02 -0.995193 0.00319074
490 -1.02 -0.995244 0.00318463
491 -1.02 -0.995295 0.00317854
492 -1.02 -0.995345 0.00317247
493 -1.02 -0.995395 0.00316642
494 -1.02 -0.995445 0.0031604
495 -1.02 -0.995494 0.00315439
496 -1.02 -0.995544 0.00314842
497 -1.02 -0.995593 0.00314246
498 -1.02 -0.995642 0.00313653
499 -1.02 -0.995691 0.00313062
500 -1.02 -0.995739 0.00312473
501 -1.02 -0.995788 0.00311886
502 -1.02 -0.995836 0.00311301
503 -1.02 -0.995884 0.00310719
504 -1.02 -0.995932 0.00310139
505 -1.02 -0.995979 0.00309561
506 -1.02 -0.996027 0.00308985
507 -1.02 -0.996074 0.00308411
508 -1.02 -0.996121 0.00307839
509 -1.02 -0.996168 0.0030727
510 -1.02 -0.996215 0.00306702
511 -1.02 -0.996261 0.00306137
512 -1.02 -0.996308 0.00305574
513 -1.02 -0.996354 0.00305012
514 -1.02 -0.9964 0.00304453
515 -1.02 -0.996446 0.00303896
516 -1.02 -0.996491 0.00303341
517 -1.02 -0.996537 0.00302787
518 -1.02 -0.996582 0.00302236
519 -1.02 -0.996627 0.00301687
520 -1.02 -0.996672 0.0030114
521 -1.02 -0.996717 0.00300595
522 -1.02 -0.996762 0.00300052
523 -1.02 -0.996806 0.0029951
524 -1.02 -0.99685 0.00298971
525 -1.02 -0.996894 0.00298433
526 -1.02 -0.996938 0.00297898
527 -1.02 -0.996982 0.00297364
528 -1.02 -0.997026 0.00296833
529 -1.02 -0.997069 0.00296303
530 -1.02 -0.997112 0.00295775
531 -1.02 -0.997156 0.00295249
532 -1.02 -0.997198 0.00294725
533 -1.02 -0.997241 0.00294202
534 -1.02 -0.997284 0.00293682
535 -1.02 -0.997326 0.00293163
536 -1.02 -0.997369 0.00292646
537 -1.02 -0.997411 0.00292131
538 -1.02 -0.997453 0.00291618
539 -1.02 -0.997495 0.00291106
540 -1.02 -0.997536 0.00290597
541 -1.02 -0.997578 0.00290089
542 -1.02 -0.997619 0.00289582
543 -1.02 -0.99766 0.00289078
544 -1.02 -0.997701 0.00288575
545 -1.02 -0.997742 0.00288074
546 -1.02 -0.997783 0.00287575
547 -1.02 -0.997824 0.00287078
548 -1.02 -0.997864 0.00286582
549 -1.02 -0.997905 0.00286088
550 -1.02 -0.997945 0.00285596
551 -1.02 -0.997985 0.00285105
552 -1.02 -0.998025 0.00284616
553 -1.02 -0.998064 0.00284128
554 -1.02 -0.998104 0.00283643
555 -1.02 -0.998143 0.00283159
556 -1.02 -0.998183 0.00282676
557 -1.02 -0.998222 0.00282196
558 -1.02 -0.998261 0.00281716
559 -1.02 -0.9983 0.00281239
560 -1.02 -0.998339 0.00280763
561 -1.02 -0.998377 0.00280289
562 -1.02 -0.998416 0.00279816
563 -1.02 -0.998454 0.00279345
564 -1.02 -0.998492 0.00278875
565 -1.02 -0.99853 0.00278407
566 -1.02 -0.998568 0.00277941
567 -1.02 -0.998606 0.00277476
568 -1.02 -0.998644 0.00277013
569 -1.02 -0.998681 0.00276551
570 -1.02 -0.998719 0.00276091
571 -1.02 -0.998756 0.00275632
572 -1.02 -0.998793 0.00275175
573 -1.02 -0.99883 0.00274719
574 -1.02 -0.998867 0.00274265
575 -1.02 -0.998904 0.00273812
576 -1.02 -0.99894 0.00273361
577 -1.02 -0.998977 0.00272911
578 -1.02 -0.999013 0.00272463
579 -1.02 -0.999049 0.00272016
580 -1.02 -0.999086 0.0027157
581 -1.02 -0.999122 0.00271126
582 -1.02 -0.999157 0.00270684
583 -1.02 -0.999193 0.00270243
584 -1.02 -0.999229 0.00269803
585 -1.02 -0.999264 0.00269365
586 -1.02 -0.9993 0.00268928
587 -1.02 -0.999335 0.00268493
588 -1.02 -0.99937 0.00268059
589 -1.02 -0.999405 0.00267626
590 -1.02 -0.99944 0.00267195
591 -1.02 -0.999475 0.00266765
592 -1.02 -0.999509 0.00266337
593 -1.02 -0.999544 0.0026591
594 -1.02 -0.999578 0.00265484
595 -1.02 -0.999613 0.0026506
596 -1.02 -0.999647 0.00264637
597 -1.02 -0.999681 0.00264215
598 -1.02 -0.999715 0.00263795
599 -1.02 -0.999749 0.00263376
600 -1.02 -0.999783 0.00262958
601 -1.02 -0.999816 0.00262542
602 -1.02 -0.99985 0.00262127
603 -1.02 -0.999883 0.00261713
604 -1.02 -0.999917 0.00261301
605 -1.02 -0.99995 0.0026089
606 -1.02 -0.999983 0.0026048
607 -1.02 -1.00002 0.00260071
608 -1.02 -1.00005 0.00259664
609 -1.02 -1.00008 0.00259258
610 -1.02 -1.00011 0.00258853
611 -1.02 -1.00015 0.0025845
612 -1.02 -1.00018 0.00258047
613 -1.02 -1.00021 0.00257646
614 -1.02 -1.00024 0.00257247
615 -1.02 -1.00028 0.00256848
616 -1.02 -1.00031 0.00256451
617 -1.02 -1.00034 0.00256055
618 -1.02 -1.00037 0.0025566
619 -1.02 -1.0004 0.00255266
620 -1.02 -1.00043 0.00254874
621 -1.02 -1.00047 0.00254482
622 -1.02 -1.0005 0.00254092
623 -1.02 -1.00053 0.00253703
624 -1.02 -1.00056 0.00253316
625 -1.02 -1.00059 0.00252929
626 -1.02 -1.00062 0.00252544
627 -1.02 -1.00065 0.0025216
628 -1.02 -1.00068 0.00251777
629 -1.02 -1.00071 0.00251395
630 -1.02 -1.00075 0.00251014
631 -1.02 -1.00078 0.00250635
632 -1.02 -1.00081 0.00250256
633 -1.02 -1.00084 0.00249879
634 -1.02 -1.00087 0.00249503
635 -1.02 -1.0009 0.00249128
636 -1.02 -1.00093 0.00248754
637 -1.02 -1.00096 0.00248381
638 -1.02 -1.00099 0.0024801
639 -1.02 -1.00102 0.00247639
640 -1.02 -1.00105 0.0024727
641 -1.02 -1.00108 0.00246901
642 -1.02 -1.00111 0.00246534
643 -1.02 -1.00113 0.00246168
644 -1.02 -1.00116 0.00245803
645 -1.02 -1.00119 0.00245439
646 -1.02 -1.00122 0.00245076
647 -1.02 -1.00125 0.00244714
648 -1.02 -1.00128 0.00244353
649 -1.02 -1.00131 0.00243993
650 -1.02 -1.00134 0.00243635
651 -1.02 -1.00137 0.00243277
652 -1.02 -1.0014 0.0024292
653 -1.02 -1.00142 0.00242565
654 -1.02 -1.00145 0.0024221
655 -1.02 -1.00148 0.00241857
656 -1.02 -1.00151 0.00241504
657 -1.02 -1.00154 0.00241153
658 -1.02 -1.00156 0.00240802
659 -1.02 -1.00159 0.00240453
660 -1.02 -1.00162 0.00240105
661 -1.02 -1.00165 0.00239757
662 -1.02 -1.00168 0.00239411
663 -1.02 -1.0017 0.00239065
664 -1.02 -1.00173 0.00238721
665 -1.02 -1.00176 0.00238378
666 -1.02 -1.00179 0.00238035
667 -1.02 -1.00181 0.00237694
668 -1.02 -1.00184 0.00237353
669 -1.02 -1.00187 0.00237014
670 -1.02 -1.00189 0.00236675
671 -1.02 -1.00192 0.00236338
672 -1.02 -1.00195 0.00236001
673 -1.02 -1.00198 0.00235665
674 -1.02 -1.002 0.00235331
675 -1.02 -1.00203 0.00234997
676 -1.02 -1.00206 0.00234664
677 -1.02 -1.00208 0.00234332
678 -1.02 -1.00211 0.00234001
679 -1.02 -1.00213 0.00233671
680 -1.02 -1.00216 0.00233342
681 -1.02 -1.00219 0.00233014
682 -1.02 -1.00221 0.00232687
683 -1.02 -1.00224 0.0023236
684 -1.02 -1.00227 0.00232035
685 -1.02 -1.00229 0.0023171
686 -1.02 -1.00232 0.00231387
687 -1.02 -1.00234 0.00231064
688 -1.02 -1.00237 0.00230742
689 -1.02 -1.00239 0.00230421
690 -1.02 -1.00242 0.00230101
691 -1.02 -1.00245 0.00229782
692 -1.02 -1.00247 0.00229464
693 -1.02 -1.0025 0.00229146
694 -1.02 -1.00252 0.0022883
695 -1.02 -1.00255 0.00228514
696 -1.02 -1.00257 0.00228199
697 -1.02 -1.0026 0.00227886
698 -1.02 -1.00262 0.00227572
699 -1.02 -1.00265 0.0022726
700 -1.02 -1.00267 0.00226949
701 -1.02 -1.0027 0.00226638
702 -1.02 -1.00272 0.00226329
703 -1.02 -1.00274 0.0022602
704 -1.02 -1.00277 0.00225712
705 -1.02 -1.00279 0.00225405
706 -1.02 -1.00282 0.00225099
707 -1.02 -1.00284 0.00224793
708 -1.02 -1.00287 0.00224488
709 -1.02 -1.00289 0.00224185
710 -1.02 -1.00291 0.00223882
711 -1.02 -1.00294 0.00223579
712 -1.02 -1.00296 0.00223278
713 -1.02 -1.00299 0.00222977
714 -1.02 -1.00301 0.00222678
715 -1.02 -1.00303 0.00222379
716 -1.02 -1.00306 0.00222081
717 -1.02 -1.00308 0.00221783
718 -1.02 -1.00311 0.00221487
719 -1.02 -1.00313 0.00221191
720 -1.02 -1.00315 0.00220896
721 -1.02 -1.00318 0.00220602
722 -1.02 -1.0032 0.00220308
723 -1.02 -1.00322 0.00220016
724 -1.02 -1.00325 0.00219724
725 -1.02 -1.00327 0.00219433
726 -1.02 -1.00329 0.00219142
727 -1.02 -1.00331 0.00218853
728 -1.02 -1.00334 0.00218564
729 -1.02 -1.00336 0.00218276
730 -1.02 -1.00338 0.00217989
731 -1.02 -1.00341 0.00217702
732 -1.02 -1.00343 0.00217416
733 -1.02 -1.00345 0.00217131
734 -1.02 -1.00347 0.00216847
735 -1.02 -1.0035 0.00216563
736 -1.02 -1.00352 0.0021628
737 -1.02 -1.00354 0.00215998
738 -1.02 -1.00356 0.00215717
739 -1.02 -1.00359 0.00215436
740 -1.02 -1.00361 0.00215157
741 -1.02 -1.00363 0.00214877
742 -1.02 -1.00365 0.00214599
743 -1.02 -1.00367 0.00214321
744 -1.02 -1.0037 0.00214044
745 -1.02 -1.00372 0.00213768
746 -1.02 -1.00374 0.00213492
747 -1.02 -1.00376 0.00213217
748 -1.02 -1.00378 0.00212943
749 -1.02 -1.0038 0.0021267
750 -1.02 -1.00383 0.00212397
751 -1.02 -1.00385 0.00212125
752 -1.02 -1.00387 0.00211854
753 -1.02 -1.00389 0.00211583
754 -1.02 -1.00391 0.00211313
755 -1.02 -1.00393 0.00211044
756 -1.02 -1.00395 0.00210775
757 -1.02 -1.00398 0.00210507
758 -1.02 -1.004 0.0021024
759 -1.02 -1.00402 0.00209973
760 -1.02 -1.00404 0.00209707
761 -1.02 -1.00406 0.00209442
762 -1.02 -1.00408 0.00209177
763 -1.02 -1.0041 0.00208913
764 -1.02 -1.00412 0.0020865
765 -1.02 -1.00414 0.00208388
766 -1.02 -1.00416 0.00208126
767 -1.02 -1.00418 0.00207864
768 -1.02 -1.00421 0.00207604
769 -1.02 -1.00423 0.00207344
770 -1.02 -1.00425 0.00207084
771 -1.02 -1.00427 0.00206826
772 -1.02 -1.00429 0.00206568
773 -1.02 -1.00431 0.0020631
774 -1.02 -1.00433 0.00206054
775 -1.02 -1.00435 0.00205798
776 -1.02 -1.00437 0.00205542
777 -1.02 -1.00439 0.00205287
778 -1.02 -1.00441 0.00205033
779 -1.02 -1.00443 0.00204779
780 -1.02 -1.00445 0.00204526
781 -1.02 -1.00447 0.00204274
782 -1.02 -1.00449 0.00204022
783 -1.02 -1.00451 0.00203771
784 -1.02 -1.00453 0.00203521
785 -1.02 -1.00455 0.00203271
786 -1.02 -1.00457 0.00203022
787 -1.02 -1.00459 0.00202773
788 -1.02 -1.00461 0.00202525
789 -1.02 -1.00463 0.00202278
790 -1.02 -1.00465 0.00202031
791 -1.02 -1.00466 0.00201784
792 -1.02 -1.00468 0.00201539
793 -1.02 -1.0047 0.00201294
794 -1.02 -1.00472 0.00201049
795 -1.02 -1.00474 0.00200805
796 -1.02 -1.00476 0.00200562
797 -1.02 -1.00478 0.0020032
798 -1.02 -1.0048 0.00200077
799 -1.02 -1.00482 0.00199836
800 -1.02 -1.00484 0.00199595
801 -1.02 -1.00486 0.00199355
802 -1.02 -1.00487 0.00199115
803 -1.02 -1.00489 0.00198876
804 -1.02 -1.00491 0.00198637
805 -1.02 -1.00493 0.00198399
806 -1.02 -1.00495 0.00198162
807 -1.02 -1.00497 0.00197925
808 -1.02 -1.00499 0.00197688
809 -1.02 -1.00501 0.00197452
810 -1.02 -1.00502 0.00197217
811 -1.02 -1.00504 0.00196983
812 -1.02 -1.00506 0.00196748
813 -1.02 -1.00508 0.00196515
814 -1.02 -1.0051 0.00196282
815 -1.02 -1.00512 0.00196049
816 -1.02 -1.00513 0.00195818
817 -1.02 -1.00515 0.00195586
818 -1.02 -1.00517 0.00195355
819 -1.02 -1.00519 0.00195125
820 -1.02 -1.00521 0.00194895
821 -1.02 -1.00522 0.00194666
822 -1.02 -1.00524 0.00194437
823 -1.02 -1.00526 0.00194209
824 -1.02 -1.00528 0.00193982
825 -1.02 -1.0053 0.00193755
826 -1.02 -1.00531 0.00193528
827 -1.02 -1.00533 0.00193302
828 -1.02 -1.00535 0.00193077
829 -1.02 -1.00537 0.00192852
830 -1.02 -1.00539 0.00192627
831 -1.02 -1.0054 0.00192403
832 -1.02 -1.00542 0.0019218
833 -1.02 -1.00544 0.00191957
834 -1.02 -1.00546 0.00191735
835 -1.02 -1.00547 0.00191513
836 -1.02 -1.00549 0.00191292
837 -1.02 -1.00551 0.00191071
838 -1.02 -1.00552 0.00190851
839 -1.02 -1.00554 0.00190631
840 -1.02 -1.00556 0.00190411
841 -1.02 -1.00558 0.00190193
842 -1.02 -1.00559 0.00189974
843 -1.02 -1.00561 0.00189757
844 -1.02 -1.00563 0.00189539
845 -1.02 -1.00564 0.00189322
846 -1.02 -1.00566 0.00189106
847 -1.02 -1.00568 0.0018889
848 -1.02 -1.0057 0.00188675
849 -1.02 -1.00571 0.0018846
850 -1.02 -1.00573 0.00188246
851 -1.02 -1.00575 0.00188032
852 -1.02 -1.00576 0.00187819
853 -1.02 -1.00578 0.00187606
854 -1.02 -1.0058 0.00187393
855 -1.02 -1.00581 0.00187181
856 -1.02 -1.00583 0.0018697
857 -1.02 -1.00585 0.00186759
858 -1.02 -1.00586 0.00186548
859 -1.02 -1.00588 0.00186338
860 -1.02 -1.00589 0.00186129
861 -1.02 -1.00591 0.0018592
862 -1.02 -1.00593 0.00185711
863 -1.02 -1.00594 0.00185503
864 -1.02 -1.00596 0.00185295
865 -1.02 -1.00598 0.00185088
866 -1.02 -1.00599 0.00184881
867 -1.02 -1.00601 0.00184675
868 -1.02 -1.00602 0.00184469
869 -1.02 -1.00604 0.00184264
870 -1.02 -1.00606 0.00184059
871 -1.02 -1.00607 0.00183854
872 -1.02 -1.00609 0.0018365
873 -1.02 -1.0061 0.00183447
874 -1.02 -1.00612 0.00183244
875 -1.02 -1.00614 0.00183041
876 -1.02 -1.00615 0.00182839
877 -1.02 -1.00617 0.00182637
878 -1.02 -1.00618 0.00182436
879 -1.02 -1.0062 0.00182235
880 -1.02 -1.00622 0.00182034
881 -1.02 -1.00623 0.00181834
882 -1.02 -1.00625 0.00181635
883 -1.02 -1.00626 0.00181436
884 -1.02 -1.00628 0.00181237
885 -1.02 -1.00629 0.00181039
886 -1.02 -1.00631 0.00180841
887 -1.02 -1.00632 0.00180644
888 -1.02 -1.00634 0.00180447
889 -1.02 -1.00636 0.0018025
890 -1.02 -1.00637 0.00180054
891 -1.02 -1.00639 0.00179858
892 -1.02 -1.0064 0.00179663
893 -1.02 -1.00642 0.00179468
894 -1.02 -1.00643 0.00179274
895 -1.02 -1.00645 0.0017908
896 -1.02 -1.00646 0.00178886
897 -1.02 -1.00648 0.00178693
898 -1.02 -1.00649 0.001785
899 -1.02 -1.00651 0.00178308
900 -1.02 -1.00652 0.00178116
901 -1.02 -1.00654 0.00177924
902 -1.02 -1.00655 0.00177733
903 -1.02 -1.00657 0.00177543
904 -1.02 -1.00658 0.00177352
905 -1.02 -1.0066 0.00177162
906 -1.02 -1.00661 0.00176973
907 -1.02 -1.00663 0.00176784
908 -1.02 -1.00664 0.00176595
909 -1.02 -1.00666 0.00176407
910 -1.02 -1.00667 0.00176219
911 -1.02 -1.00668 0.00176032
912 -1.02 -1.0067 0.00175845
913 -1.02 -1.00671 0.00175658
914 -1.02 -1.00673 0.00175472
915 -1.02 -1.00674 0.00175286
916 -1.02 -1.00676 0.001751
917 -1.02 -1.00677 0.00174915
918 -1.02 -1.00679 0.00174731
919 -1.02 -1.0068 0.00174546
920 -1.02 -1.00681 0.00174362
921 -1.02 -1.00683 0.00174179
922 -1.02 -1.00684 0.00173996
923 -1.02 -1.00686 0.00173813
924 -1.02 -1.00687 0.0017363
925 -1.02 -1.00689 0.00173448
926 -1.02 -1.0069 0.00173267
927 -1.02 -1.00691 0.00173086
928 -1.02 -1.00693 0.00172905
929 -1.02 -1.00694 0.00172724
930 -1.02 -1.00696 0.00172544
931 -1.02 -1.00697 0.00172364
932 -1.02 -1.00698 0.00172185
933 -1.02 -1.007 0.00172006
934 -1.02 -1.00701 0.00171827
935 -1.02 -1.00703 0.00171649
936 -1.02 -1.00704 0.00171471
937 -1.02 -1.00705 0.00171294
938 -1.02 -1.00707 0.00171117
939 -1.02 -1.00708 0.0017094
940 -1.02 -1.0071 0.00170763
941 -1.02 -1.00711 0.00170587
942 -1.02 -1.00712 0.00170412
943 -1.02 -1.00714 0.00170236
944 -1.02 -1.00715 0.00170061
945 -1.02 -1.00716 0.00169887
946 -1.02 -1.00718 0.00169713
947 -1.02 -1.00719 0.00169539
948 -1.02 -1.0072 0.00169365
949 -1.02 -1.00722 0.00169192
950 -1.02 -1.00723 0.00169019
951 -1.02 -1.00724 0.00168847
952 -1.02 -1.00726 0.00168674
953 -1.02 -1.00727 0.00168503
954 -1.02 -1.00728 0.00168331
955 -1.02 -1.0073 0.0016816
956 -1.02 -1.00731 0.00167989
957 -1.02 -1.00732 0.00167819
958 -1.02 -1.00734 0.00167649
959 -1.02 -1.00735 0.00167479
960 -1.02 -1.00736 0.0016731
961 -1.02 -1.00738 0.00167141
962 -1.02 -1.00739 0.00166972
963 -1.02 -1.0074 0.00166804
964 -1.02 -1.00742 0.00166636
965 -1.02 -1.00743 0.00166468
966 -1.02 -1.00744 0.00166301
967 -1.02 -1.00746 0.00166134
968 -1.02 -1.00747 0.00165967
969 -1.02 -1.00748 0.00165801
970 -1.02 -1.00749 0.00165635
971 -1.02 -1.00751 0.00165469
972 -1.02 -1.00752 0.00165304
973 -1.02 -1.00753 0.00165139
974 -1.02 -1.00755 0.00164974
975 -1.02 -1.00756 0.0016481
976 -1.02 -1.00757 0.00164646
977 -1.02 -1.00758 0.00164482
978 -1.02 -1.0076 0.00164319
979 -1.02 -1.00761 0.00164156
980 -1.02 -1.00762 0.00163993
981 -1.02 -1.00763 0.00163831
982 -1.02 -1.00765 0.00163669
983 -1.02 -1.00766 0.00163507
984 -1.02 -1.00767 0.00163345
985 -1.02 -1.00768 0.00163184
986 -1.02 -1.0077 0.00163024
987 -1.02 -1.00771 0.00162863
988 -1.02 -1.00772 0.00162703
989 -1.02 -1.00773 0.00162543
990 -1.02 -1.00775 0.00162383
991 -1.02 -1.00776 0.00162224
992 -1.02 -1.00777 0.00162065
993 -1.02 -1.00778 0.00161907
994 -1.02 -1.0078 0.00161748
995 -1.02 -1.00781 0.0016159
996 -1.02 -1.00782 0.00161433
997 -1.02 -1.00783 0.00161275
998 -1.02 -1.00785 0.00161118
999 -1.02 -1.00786 0.00160962
1000 -1.02 -1.00787 0.00160805
