1 -0.12 -0.12 0
2 -0.6 -0.36 0.24
3 -0.76 -0.493333 0.192296
4 -0.68 -0.54 0.143759
5 -0.84 -0.6 0.126491
6 -0.84 -0.64 0.110755
7 -0.44 -0.611429 0.0978684
8 -0.52 -0.6 0.0855236
9 -0.44 -0.582222 0.0774915
10 -0.68 -0.592 0.0699968
11 -0.44 -0.578182 0.0648049
12 -0.52 -0.573333 0.0593568
13 -0.52 -0.569231 0.0547542
14 -0.6 -0.571429 0.0507402
15 -0.6 -0.573333 0.0472749
16 -0.52 -0.57 0.0443471
17 -0.68 -0.576471 0.0421564
18 -0.6 -0.577778 0.0397669
19 -0.6 -0.578947 0.0376339
20 -0.76 -0.588 0.0368325
21 -0.6 -0.588571 0.0350393
22 -0.68 -0.592727 0.0336662
23 -0.6 -0.593043 0.0321707
24 -0.52 -0.59 0.0309511
25 -0.52 -0.5872 0.029819
26 -0.68 -0.590769 0.0288707
27 -0.76 -0.597037 0.0284791
28 -0.68 -0.6 0.0276026
29 -0.68 -0.602759 0.0267763
30 -0.68 -0.605333 0.0259962
31 -0.6 -0.605161 0.0251442
32 -0.36 -0.5975 0.0255228
33 -0.44 -0.592727 0.0251935
34 -0.52 -0.590588 0.0245347
35 -0.68 -0.593143 0.02396
36 -0.84 -0.6 0.0242736
37 -0.76 -0.604324 0.0240012
38 -0.76 -0.608421 0.0237175
39 -0.68 -0.610256 0.0231742
40 -0.68 -0.612 0.0226546
41 -0.84 -0.617561 0.0227842
42 -0.6 -0.617143 0.022239
43 -0.76 -0.620465 0.0219683
44 -0.76 -0.623636 0.0216963
45 -0.68 -0.624889 0.0212456
46 -0.76 -0.627826 0.0209852
47 -0.6 -0.627234 0.0205424
48 -0.68 -0.628333 0.0201399
49 -0.68 -0.629388 0.0197527
50 -0.52 -0.6272 0.0194769
51 -0.52 -0.625098 0.0192066
52 -0.52 -0.623077 0.0189417
53 -0.6 -0.622642 0.018586
54 -0.6 -0.622222 0.0182434
55 -0.6 -0.621818 0.0179132
56 -0.52 -0.62 0.0176841
57 -0.36 -0.615439 0.01796
58 -0.52 -0.613793 0.0177242
59 -0.6 -0.613559 0.0174227
60 -0.68 -0.614667 0.0171656
61 -0.68 -0.615738 0.0169158
62 -0.44 -0.612903 0.0168804
63 -0.44 -0.610159 0.0168355
64 -0.68 -0.61125 0.0166063
65 -0.6 -0.611077 0.0163497
66 -0.52 -0.609697 0.0161591
67 -0.6 -0.609552 0.0159168
68 -0.68 -0.610588 0.0157151
69 -0.68 -0.611594 0.0155184
70 -0.68 -0.612571 0.0153262
71 -0.6 -0.612394 0.0151099
72 -0.6 -0.612222 0.0148995
73 -0.6 -0.612055 0.014695
74 -0.52 -0.610811 0.0145483
75 -0.52 -0.6096 0.014404
76 -0.44 -0.607368 0.0143873
77 -0.6 -0.607273 0.0141996
78 -0.68 -0.608205 0.0140473
79 -0.68 -0.609114 0.0138981
80 -0.6 -0.609 0.0137238
81 -0.6 -0.608889 0.0135537
82 -0.6 -0.60878 0.0133879
83 -0.68 -0.609639 0.0132534
84 -0.6 -0.609524 0.0130952
85 -0.36 -0.606588 0.013269
86 -0.6 -0.606512 0.013114
87 -0.52 -0.605517 0.0130005
88 -0.36 -0.602727 0.0131512
89 -0.36 -0.6 0.0132856
90 -0.28 -0.596444 0.0136098
91 -0.52 -0.595604 0.0134856
92 -0.52 -0.594783 0.0133635
93 -0.68 -0.595699 0.0132507
94 -0.6 -0.595745 0.0131091
95 -0.68 -0.596632 0.0130007
96 -0.68 -0.5975 0.0128938
97 -0.6 -0.597526 0.0127602
98 -0.76 -0.599184 0.0127377
99 -0.76 -0.600808 0.0127126
100 -0.76 -0.6024 0.0126851
101 -0.84 -0.604752 0.0127773
102 -0.92 -0.607843 0.0130235
103 -0.84 -0.610097 0.0130919
104 -0.84 -0.612308 0.0131525
105 -0.68 -0.612952 0.0130426
106 -0.76 -0.61434 0.0129932
107 -0.84 -0.616449 0.0130428
108 -0.76 -0.617778 0.0129897
109 -0.84 -0.619817 0.0130304
110 -0.6 -0.619636 0.0129127
111 -0.44 -0.618018 0.0128978
112 -0.68 -0.618571 0.0127941
113 -0.68 -0.619115 0.012692
114 -0.6 -0.618947 0.0125813
115 -0.44 -0.617391 0.0125681
116 -0.36 -0.615172 0.0126553
117 -0.44 -0.613675 0.0126357
118 -0.44 -0.612203 0.0126143
119 -0.52 -0.611429 0.0125318
120 -0.76 -0.612667 0.0124885
121 -0.68 -0.613223 0.0123974
122 -0.76 -0.614426 0.012354
123 -0.6 -0.614309 0.0122537
124 -0.84 -0.616129 0.01229
125 -0.68 -0.61664 0.012202
126 -0.84 -0.618413 0.0122339
127 -0.68 -0.618898 0.0121469
128 -0.68 -0.619375 0.0120611
129 -0.68 -0.619845 0.0119764
130 -0.76 -0.620923 0.0119328
131 -0.68 -0.621374 0.0118499
132 -0.6 -0.621212 0.0117609
133 -0.6 -0.621053 0.0116732
134 -0.68 -0.621493 0.0115941
135 -0.6 -0.621333 0.011509
136 -0.44 -0.62 0.0115016
137 -0.52 -0.61927 0.0114407
138 -0.52 -0.618551 0.0113802
139 -0.76 -0.619568 0.0113438
140 -0.6 -0.619429 0.0112633
141 -0.6 -0.619291 0.011184
142 -0.68 -0.619718 0.0111132
143 -0.68 -0.62014 0.0110433
144 -0.68 -0.620556 0.0109742
145 -0.52 -0.619862 0.0109203
146 -0.44 -0.61863 0.010915
147 -0.52 -0.617959 0.0108612
148 -0.36 -0.616216 0.0109275
149 -0.52 -0.61557 0.0108731
150 -0.52 -0.614933 0.0108191
151 -0.76 -0.615894 0.0107901
152 -0.44 -0.614737 0.0107812
153 -0.68 -0.615163 0.010719
154 -0.6 -0.615065 0.0106496
155 -0.36 -0.613419 0.0107079
156 -0.52 -0.612821 0.0106558
157 -0.44 -0.61172 0.0106448
158 -0.44 -0.610633 0.0106329
159 -0.44 -0.60956 0.0106202
160 -0.76 -0.6105 0.0105954
161 -0.76 -0.611429 0.0105703
162 -0.68 -0.611852 0.0105133
163 -0.44 -0.610798 0.0105017
164 -0.52 -0.610244 0.0104521
165 -0.52 -0.609697 0.010403
166 -0.44 -0.608675 0.0103905
167 -0.68 -0.609102 0.0103369
168 -0.6 -0.609048 0.0102754
169 -0.52 -0.608521 0.010228
170 -0.36 -0.607059 0.0102722
171 -0.36 -0.605614 0.0103136
172 -0.52 -0.605116 0.0102656
173 -0.68 -0.605549 0.0102152
174 -0.68 -0.605977 0.0101654
175 -0.6 -0.605943 0.0101072
176 -0.68 -0.606364 0.0100584
177 -0.44 -0.605424 0.0100455
178 -0.68 -0.605843 0.00999766
179 -0.52 -0.605363 0.00995321
180 -0.36 -0.604 0.00999118
181 -0.36 -0.602652 0.0100269
182 -0.44 -0.601758 0.0100116
183 -0.36 -0.600437 0.010044
184 -0.68 -0.60087 0.00999861
185 -0.76 -0.60173 0.00998154
186 -0.84 -0.603011 0.01001
187 -0.68 -0.603422 0.00996488
188 -0.6 -0.603404 0.00991175
189 -0.6 -0.603386 0.00985918
190 -0.6 -0.603368 0.00980717
191 -0.52 -0.602932 0.00976545
192 -0.52 -0.6025 0.00972405
193 -0.52 -0.602073 0.00968298
194 -0.52 -0.601649 0.00964222
195 -0.6 -0.601641 0.00959265
196 -0.68 -0.602041 0.00955195
197 -0.6 -0.60203 0.00950335
198 -0.52 -0.601616 0.0094643
199 -0.6 -0.601608 0.00941662
200 -0.6 -0.6016 0.00936943
201 -0.68 -0.60199 0.00933085
202 -0.52 -0.601584 0.00929341
203 -0.36 -0.600394 0.00932378
204 -0.52 -0.6 0.00928633
205 -0.52 -0.59961 0.00924915
206 -0.44 -0.598835 0.0092367
207 -0.44 -0.598068 0.00922394
208 -0.44 -0.597308 0.00921089
209 -0.52 -0.596938 0.00917417
210 -0.44 -0.59619 0.00916091
211 -0.52 -0.595829 0.00912454
212 -0.6 -0.595849 0.00908142
213 -0.52 -0.595493 0.0090457
214 -0.52 -0.59514 0.00901024
215 -0.52 -0.594791 0.00897504
216 -0.52 -0.594444 0.0089401
217 -0.28 -0.592995 0.00901601
218 -0.6 -0.593028 0.00897462
219 -0.6 -0.593059 0.0089336
220 -0.6 -0.593091 0.00889295
221 -0.68 -0.593484 0.00886135
222 -0.6 -0.593514 0.0088214
223 -0.6 -0.593543 0.0087818
224 -0.52 -0.593214 0.00874867
225 -0.6 -0.593244 0.00870975
226 -0.52 -0.59292 0.00867718
227 -0.44 -0.592247 0.0086651
228 -0.44 -0.591579 0.00865281
229 -0.6 -0.591616 0.00861502
230 -0.52 -0.591304 0.00858313
231 -0.68 -0.591688 0.00855452
232 -0.52 -0.591379 0.00852317
233 -0.36 -0.590386 0.00854441
234 -0.52 -0.590085 0.00851313
235 -0.6 -0.590128 0.00847694
236 -0.76 -0.590847 0.00847158
237 -0.6 -0.590886 0.00843584
238 -0.68 -0.591261 0.00840866
239 -0.6 -0.591297 0.00837349
240 -0.6 -0.591333 0.0083386
241 -0.68 -0.591701 0.00831208
242 -0.76 -0.592397 0.00830682
243 -0.76 -0.593086 0.00830127
244 -0.76 -0.59377 0.00829543
245 -0.6 -0.593796 0.00826154
246 -0.6 -0.593821 0.00822793
247 -0.76 -0.594494 0.00822212
248 -0.76 -0.595161 0.00821605
249 -0.68 -0.595502 0.00819008
250 -0.6 -0.59552 0.00815727
251 -0.6 -0.595538 0.00812473
252 -0.68 -0.595873 0.00809936
253 -0.6 -0.595889 0.0080673
254 -0.6 -0.595906 0.00803549
255 -0.52 -0.595608 0.00800945
256 -0.44 -0.595 0.00800123
257 -0.36 -0.594086 0.00802231
258 -0.2 -0.592558 0.00813583
259 -0.52 -0.592278 0.0081092
260 -0.52 -0.592 0.00808273
261 -0.52 -0.591724 0.00805643
262 -0.52 -0.59145 0.00803029
263 -0.6 -0.591483 0.00799976
264 -0.6 -0.591515 0.00796947
265 -0.44 -0.590943 0.0079599
266 -0.6 -0.590977 0.00792999
267 -0.52 -0.590712 0.00790471
268 -0.44 -0.590149 0.00789521
269 -0.44 -0.589591 0.00788558
270 -0.52 -0.589333 0.00786055
271 -0.6 -0.589373 0.00783159
272 -0.68 -0.589706 0.00780985
273 -0.76 -0.59033 0.00780616
274 -0.6 -0.590365 0.0077777
275 -0.68 -0.590691 0.00775621
276 -0.52 -0.590435 0.0077323
277 -0.6 -0.590469 0.00770442
278 -0.6 -0.590504 0.00767673
279 -0.68 -0.590824 0.00765589
280 -0.52 -0.590571 0.00763269
281 -0.52 -0.59032 0.00760962
282 -0.68 -0.590638 0.00758926
283 -0.6 -0.590671 0.00756246
284 -0.6 -0.590704 0.00753586
285 -0.6 -0.590737 0.00750944
286 -0.44 -0.59021 0.00750168
287 -0.44 -0.589686 0.00749379
288 -0.44 -0.589167 0.00748579
289 -0.44 -0.588651 0.00747768
290 -0.52 -0.588414 0.00745561
291 -0.76 -0.589003 0.0074533
292 -0.68 -0.589315 0.00743427
293 -0.68 -0.589625 0.00741531
294 -0.52 -0.589388 0.00739384
295 -0.6 -0.589424 0.00736882
296 -0.36 -0.588649 0.00738468
297 -0.6 -0.588687 0.00735987
298 -0.52 -0.588456 0.00733875
299 -0.52 -0.588227 0.00731775
300 -0.52 -0.588 0.00729686
301 -0.52 -0.587774 0.00727608
302 -0.6 -0.587815 0.00725206
303 -0.52 -0.587591 0.00723155
304 -0.44 -0.587105 0.00722406
305 -0.6 -0.587148 0.00720046
306 -0.6 -0.58719 0.00717701
307 -0.6 -0.587231 0.00715372
308 -0.36 -0.586494 0.00716852
309 -0.52 -0.586278 0.00714852
310 -0.52 -0.586065 0.00712863
311 -0.6 -0.586109 0.00710582
312 -0.6 -0.586154 0.00708314
313 -0.6 -0.586198 0.00706062
314 -0.6 -0.586242 0.00703823
315 -0.44 -0.585778 0.0070312
316 -0.44 -0.585316 0.00702408
317 -0.36 -0.584606 0.00703787
318 -0.52 -0.584403 0.00701864
319 -0.44 -0.58395 0.00701123
320 -0.68 -0.58425 0.00699573
321 -0.6 -0.584299 0.00697408
322 -0.68 -0.584596 0.00695873
323 -0.68 -0.584892 0.00694344
324 -0.68 -0.585185 0.0069282
325 -0.6 -0.585231 0.006907
326 -0.76 -0.585767 0.00690662
327 -0.6 -0.58581 0.0068856
328 -0.36 -0.585122 0.00689901
329 -0.28 -0.584195 0.00694025
330 -0.36 -0.583515 0.00695246
331 -0.44 -0.583082 0.00694498
332 -0.52 -0.582892 0.00692663
333 -0.36 -0.582222 0.00693816
334 -0.6 -0.582275 0.00691756
335 -0.6 -0.582328 0.00689709
336 -0.52 -0.582143 0.00687903
337 -0.68 -0.582433 0.00686473
338 -0.52 -0.582249 0.00684688
339 -0.52 -0.582065 0.00682912
340 -0.68 -0.582353 0.0068151
341 -0.84 -0.583109 0.00683696
342 -0.68 -0.583392 0.00682283
343 -0.68 -0.583673 0.00680873
344 -0.44 -0.583256 0.00680175
345 -0.52 -0.583072 0.00678448
346 -0.52 -0.58289 0.0067673
347 -0.44 -0.582478 0.00676032
348 -0.52 -0.582299 0.00674326
349 -0.44 -0.581891 0.00673626
350 -0.52 -0.581714 0.00671931
351 -0.6 -0.581766 0.00670035
352 -0.68 -0.582045 0.00668711
353 -0.68 -0.582323 0.00667391
354 -0.76 -0.582825 0.00667393
355 -0.76 -0.583324 0.00667379
356 -0.52 -0.583146 0.0066574
357 -0.6 -0.583193 0.00663889
358 -0.52 -0.583017 0.00662267
359 -0.52 -0.582841 0.00660653
360 -0.76 -0.583333 0.00660651
361 -0.6 -0.58338 0.00658834
362 -0.76 -0.583867 0.00658821
363 -0.68 -0.584132 0.00657537
364 -0.52 -0.583956 0.00655965
365 -0.44 -0.583562 0.00655353
366 -0.36 -0.582951 0.00656408
367 -0.52 -0.582779 0.00654842
368 -0.6 -0.582826 0.00653077
369 -0.36 -0.582222 0.00654098
370 -0.68 -0.582486 0.00652863
371 -0.52 -0.582318 0.00651318
372 -0.52 -0.582151 0.00649781
373 -0.6 -0.582198 0.00648054
374 -0.44 -0.581818 0.00647437
375 -0.6 -0.581867 0.00645726
376 -0.44 -0.581489 0.00645111
377 -0.44 -0.581114 0.00644491
378 -0.52 -0.580952 0.00642987
379 -0.52 -0.580792 0.0064149
380 -0.68 -0.581053 0.00640332
381 -0.6 -0.581102 0.00638668
382 -0.68 -0.581361 0.0063752
383 -0.6 -0.58141 0.00635872
384 -0.52 -0.58125 0.00634416
385 -0.36 -0.580675 0.0063537
386 -0.44 -0.580311 0.00634769
387 -0.36 -0.579742 0.00635681
388 -0.44 -0.579381 0.00635062
389 -0.68 -0.57964 0.00633955
390 -0.68 -0.579897 0.00632851
391 -0.36 -0.579335 0.00633731
392 -0.36 -0.578776 0.00634584
393 -0.6 -0.57883 0.0063299
394 -0.68 -0.579086 0.00631903
395 -0.68 -0.579342 0.00630819
396 -0.6 -0.579394 0.00629246
397 -0.6 -0.579446 0.0062768
398 -0.6 -0.579497 0.00626122
399 -0.52 -0.579348 0.00624729
400 -0.44 -0.579 0.00624139
401 -0.68 -0.579252 0.00623089
402 -0.76 -0.579701 0.00623162
403 -0.68 -0.57995 0.00622111
404 -0.68 -0.580198 0.00621064
405 -0.6 -0.580247 0.00619547
406 -0.68 -0.580493 0.00618508
407 -0.52 -0.580344 0.00617165
408 -0.6 -0.580392 0.0061567
409 -0.52 -0.580244 0.0061434
410 -0.68 -0.580488 0.00613323
411 -0.52 -0.580341 0.00612005
412 -0.6 -0.580388 0.00610537
413 -0.6 -0.580436 0.00609075
414 -0.68 -0.580676 0.00608078
415 -0.76 -0.581108 0.00608148
416 -0.76 -0.581538 0.00608207
417 -0.6 -0.581583 0.00606762
418 -0.6 -0.581627 0.00605325
419 -0.76 -0.582053 0.00605377
420 -0.6 -0.582095 0.00603949
421 -0.68 -0.582328 0.00602962
422 -0.76 -0.582749 0.00603003
423 -0.6 -0.58279 0.00601589
424 -0.68 -0.583019 0.00600607
425 -0.68 -0.583247 0.00599626
426 -0.44 -0.582911 0.00599161
427 -0.68 -0.583138 0.00598189
428 -0.44 -0.582804 0.00597726
429 -0.44 -0.582471 0.00597259
430 -0.44 -0.58214 0.00596789
431 -0.6 -0.582181 0.00595417
432 -0.52 -0.582037 0.00594212
433 -0.52 -0.581894 0.00593011
434 -0.44 -0.581567 0.00592546
435 -0.52 -0.581425 0.00591351
436 -0.6 -0.581468 0.00590009
437 -0.6 -0.58151 0.00588672
438 -0.76 -0.581918 0.00588739
439 -0.76 -0.582323 0.00588795
440 -0.76 -0.582727 0.00588842
441 -0.76 -0.583129 0.00588879
442 -0.76 -0.583529 0.00588906
443 -0.68 -0.583747 0.00587978
444 -0.6 -0.583784 0.00586664
445 -0.68 -0.584 0.00585744
446 -0.52 -0.583857 0.00584605
447 -0.68 -0.584072 0.00583692
448 -0.6 -0.584107 0.00582398
449 -0.44 -0.583786 0.00581986
450 -0.52 -0.583644 0.00580864
451 -0.36 -0.583149 0.00581692
452 -0.2 -0.582301 0.00586561
453 -0.28 -0.581634 0.00589057
454 -0.36 -0.581145 0.00589782
455 -0.52 -0.581011 0.00588638
456 -0.44 -0.580702 0.00588159
457 -0.52 -0.580569 0.00587021
458 -0.6 -0.580611 0.00585753
459 -0.6 -0.580654 0.00584491
460 -0.6 -0.580696 0.00583234
461 -0.68 -0.580911 0.00582366
462 -0.52 -0.580779 0.00581254
463 -0.6 -0.580821 0.00580012
464 -0.52 -0.58069 0.00578909
465 -0.52 -0.580559 0.0057781
466 -0.52 -0.580429 0.00576715
467 -0.44 -0.580128 0.00576264
468 -0.6 -0.580171 0.00575047
469 -0.68 -0.580384 0.00574214
470 -0.44 -0.580085 0.00573769
471 -0.44 -0.579788 0.00573322
472 -0.52 -0.579661 0.00572246
473 -0.6 -0.579704 0.00571051
474 -0.76 -0.580084 0.00571113
475 -0.68 -0.580295 0.00570297
476 -0.68 -0.580504 0.00569483
477 -0.52 -0.580377 0.0056843
478 -0.6 -0.580418 0.00567254
479 -0.44 -0.580125 0.00566827
480 -0.36 -0.579667 0.00567501
481 -0.68 -0.579875 0.00566704
482 -0.52 -0.579751 0.00565664
483 -0.6 -0.579793 0.00564507
484 -0.76 -0.580165 0.00564568
485 -0.84 -0.580701 0.00565944
486 -0.84 -0.581235 0.00567293
487 -0.68 -0.581437 0.0056649
488 -0.68 -0.581639 0.00565689
489 -0.76 -0.582004 0.00565708
490 -0.68 -0.582204 0.00564907
491 -0.68 -0.582403 0.00564107
492 -0.76 -0.582764 0.00564115
493 -0.44 -0.582475 0.00563714
494 -0.52 -0.582348 0.00562714
495 -0.6 -0.582384 0.00561587
496 -0.68 -0.582581 0.00560799
497 -0.6 -0.582616 0.00559681
498 -0.76 -0.582972 0.0055969
499 -0.68 -0.583166 0.00558906
500 -0.84 -0.58368 0.00560147
501 -0.68 -0.583872 0.00559358
502 -0.76 -0.584223 0.00559344
503 -0.84 -0.584732 0.00560543
504 -0.84 -0.585238 0.00561717
505 -0.76 -0.585584 0.00561671
506 -0.76 -0.585929 0.00561619
507 -0.76 -0.586272 0.0056156
508 -0.36 -0.585827 0.00562221
509 -0.52 -0.585697 0.00561264
510 -0.52 -0.585569 0.00560311
511 -0.68 -0.585753 0.00559519
512 -0.68 -0.585938 0.00558728
513 -0.6 -0.585965 0.00557645
514 -0.6 -0.585992 0.00556565
515 -0.52 -0.585864 0.00555631
516 -0.52 -0.585736 0.005547
517 -0.68 -0.585919 0.00553927
518 -0.6 -0.585946 0.00552863
519 -0.52 -0.585819 0.00551943
520 -0.68 -0.586 0.00551178
521 -0.6 -0.586027 0.00550126
522 -0.6 -0.586054 0.00549077
523 -0.52 -0.585927 0.00548172
524 -0.44 -0.585649 0.00547833
525 -0.44 -0.585371 0.00547492
526 -0.52 -0.585247 0.00546591
527 -0.6 -0.585275 0.0054556
528 -0.52 -0.585152 0.00544667
529 -0.6 -0.58518 0.00543643
530 -0.44 -0.584906 0.00543307
531 -0.6 -0.584934 0.00542291
532 -0.6 -0.584962 0.00541278
533 -0.52 -0.584841 0.00540399
534 -0.44 -0.584569 0.00540067
535 -0.36 -0.58415 0.00540689
536 -0.6 -0.584179 0.00539687
537 -0.52 -0.58406 0.00538814
538 -0.6 -0.584089 0.0053782
539 -0.6 -0.584119 0.00536829
540 -0.6 -0.584148 0.00535842
541 -0.44 -0.583882 0.00535514
542 -0.84 -0.584354 0.0053661
543 -0.76 -0.584678 0.00536596
544 -0.68 -0.584853 0.00535896
545 -0.52 -0.584734 0.00535044
546 -0.52 -0.584615 0.00534194
547 -0.44 -0.584351 0.00533872
548 -0.44 -0.584088 0.00533548
549 -0.68 -0.584262 0.00532861
550 -0.84 -0.584727 0.0053392
551 -0.68 -0.5849 0.00533231
552 -0.36 -0.584493 0.00533821
553 -0.52 -0.584376 0.00532982
554 -0.52 -0.58426 0.00532146
555 -0.6 -0.584288 0.00531194
556 -0.6 -0.584317 0.00530245
557 -0.6 -0.584345 0.005293
558 -0.52 -0.584229 0.00528476
559 -0.52 -0.584114 0.00527655
560 -0.52 -0.584 0.00526837
561 -0.44 -0.583743 0.00526523
562 -0.6 -0.583772 0.00525593
563 -0.52 -0.583659 0.00524781
564 -0.68 -0.58383 0.00524128
565 -0.52 -0.583717 0.00523322
566 -0.6 -0.583746 0.00522404
567 -0.6 -0.583774 0.0052149
568 -0.6 -0.583803 0.00520579
569 -0.52 -0.583691 0.00519784
570 -0.44 -0.583439 0.00519483
571 -0.52 -0.583327 0.00518692
572 -0.52 -0.583217 0.00517902
573 -0.44 -0.582967 0.00517602
574 -0.6 -0.582997 0.00516708
575 -0.6 -0.583026 0.00515817
576 -0.6 -0.583056 0.00514929
577 -0.68 -0.583224 0.0051431
578 -0.44 -0.582976 0.00514017
579 -0.6 -0.583005 0.00513137
580 -0.6 -0.583034 0.0051226
581 -0.6 -0.583064 0.00511386
582 -0.52 -0.582955 0.00510621
583 -0.76 -0.583259 0.00510649
584 -0.68 -0.583425 0.00510042
585 -0.6 -0.583453 0.00509178
586 -0.44 -0.583208 0.00508897
587 -0.6 -0.583237 0.00508038
588 -0.52 -0.583129 0.00507287
589 -0.52 -0.583022 0.00506538
590 -0.52 -0.582915 0.00505792
591 -0.6 -0.582944 0.00504944
592 -0.52 -0.582838 0.00504202
593 -0.6 -0.582867 0.00503359
594 -0.6 -0.582896 0.00502519
595 -0.52 -0.58279 0.00501786
596 -0.6 -0.582819 0.00500951
597 -0.68 -0.582982 0.00500376
598 -0.92 -0.583545 0.00502708
599 -0.84 -0.583973 0.00503691
600 -0.76 -0.584267 0.00503706
601 -0.76 -0.584559 0.00503716
602 -0.92 -0.585116 0.00505957
603 -0.84 -0.585539 0.00506882
604 -0.84 -0.58596 0.00507793
605 -0.76 -0.586248 0.00507769
606 -0.76 -0.586535 0.0050774
607 -0.76 -0.58682 0.00507708
608 -0.84 -0.587237 0.0050858
609 -0.76 -0.587521 0.00508536
610 -0.76 -0.587803 0.00508488
611 -0.6 -0.587823 0.00507659
612 -0.6 -0.587843 0.00506833
613 -0.6 -0.587863 0.00506009
614 -0.52 -0.587752 0.00505305
615 -0.36 -0.587382 0.00505841
616 -0.6 -0.587403 0.00505023
617 -0.6 -0.587423 0.00504208
618 -0.6 -0.587443 0.00503395
619 -0.68 -0.587593 0.00502804
620 -0.6 -0.587613 0.00501996
621 -0.68 -0.587762 0.00501408
622 -0.68 -0.58791 0.00500821
623 -0.68 -0.588058 0.00500235
624 -0.52 -0.587949 0.00499552
625 -0.68 -0.588096 0.00498969
626 -0.68 -0.588243 0.00498388
627 -0.84 -0.588644 0.0049921
628 -0.76 -0.588917 0.0049916
629 -0.76 -0.589189 0.00499108
630 -0.6 -0.589206 0.00498318
631 -0.76 -0.589477 0.00498263
632 -0.68 -0.58962 0.0049768
633 -0.44 -0.589384 0.00497455
634 -0.6 -0.589401 0.00496673
635 -0.6 -0.589417 0.00495893
636 -0.52 -0.589308 0.00495233
637 -0.52 -0.589199 0.00494575
638 -0.6 -0.589216 0.00493802
639 -0.44 -0.588983 0.00493581
640 -0.68 -0.589125 0.00493014
641 -0.6 -0.589142 0.00492248
642 -0.52 -0.589034 0.00491598
643 -0.52 -0.588927 0.0049095
644 -0.68 -0.589068 0.00490391
645 -0.68 -0.589209 0.00489833
646 -0.6 -0.589226 0.00489077
647 -0.52 -0.589119 0.00488438
648 -0.52 -0.589012 0.004878
649 -0.52 -0.588906 0.00487164
650 -0.52 -0.5888 0.0048653
651 -0.68 -0.58894 0.00485984
652 -0.76 -0.589202 0.00485947
653 -0.52 -0.589096 0.00485318
654 -0.44 -0.588869 0.00485111
655 -0.44 -0.588641 0.00484903
656 -0.6 -0.588659 0.00484166
657 -0.6 -0.588676 0.00483432
658 -0.6 -0.588693 0.00482699
659 -0.6 -0.58871 0.00481969
660 -0.52 -0.588606 0.00481351
661 -0.52 -0.588502 0.00480735
662 -0.6 -0.58852 0.00480011
663 -0.68 -0.588658 0.00479485
664 -0.68 -0.588795 0.0047896
665 -0.52 -0.588692 0.00478351
666 -0.6 -0.588709 0.00477635
667 -0.52 -0.588606 0.0047703
668 -0.68 -0.588743 0.00476512
669 -0.6 -0.588759 0.00475802
670 -0.6 -0.588776 0.00475094
671 -0.52 -0.588674 0.00474496
672 -0.6 -0.58869 0.00473793
673 -0.52 -0.588588 0.00473198
674 -0.36 -0.588249 0.00473711
675 -0.36 -0.587911 0.00474216
676 -0.36 -0.587574 0.00474713
677 -0.6 -0.587592 0.00474015
678 -0.6 -0.587611 0.00473318
679 -0.6 -0.587629 0.00472624
680 -0.44 -0.587412 0.00472428
681 -0.6 -0.58743 0.00471737
682 -0.6 -0.587449 0.00471049
683 -0.68 -0.587584 0.00470554
684 -0.68 -0.587719 0.00470059
685 -0.68 -0.587854 0.00469566
686 -0.52 -0.587755 0.00468985
687 -0.6 -0.587773 0.00468306
688 -0.6 -0.587791 0.00467628
689 -0.6 -0.587808 0.00466952
690 -0.68 -0.587942 0.00466466
691 -0.76 -0.588191 0.00466456
692 -0.68 -0.588324 0.0046597
693 -0.6 -0.588341 0.004653
694 -0.68 -0.588473 0.00464817
695 -0.44 -0.588259 0.00464639
696 -0.44 -0.588046 0.0046446
697 -0.6 -0.588063 0.00463796
698 -0.52 -0.587966 0.00463234
699 -0.44 -0.587754 0.00463055
700 -0.6 -0.587771 0.00462396
701 -0.44 -0.587561 0.00462217
702 -0.6 -0.587578 0.00461561
703 -0.44 -0.587368 0.00461382
704 -0.52 -0.587273 0.00460826
705 -0.44 -0.587064 0.00460645
706 -0.44 -0.586856 0.00460464
707 -0.6 -0.586874 0.00459816
708 -0.52 -0.58678 0.00459263
709 -0.76 -0.587024 0.00459265
710 -0.76 -0.587268 0.00459265
711 -0.68 -0.587398 0.00458804
712 -0.6 -0.587416 0.00458162
713 -0.76 -0.587658 0.00458159
714 -0.68 -0.587787 0.004577
715 -0.52 -0.587692 0.00457157
716 -0.6 -0.587709 0.00456522
717 -0.44 -0.587503 0.0045635
718 -0.44 -0.587298 0.00456176
719 -0.44 -0.587093 0.00456002
720 -0.28 -0.586667 0.00457361
721 -0.36 -0.586352 0.00457807
722 -0.44 -0.58615 0.00457622
723 -0.52 -0.586058 0.0045708
724 -0.36 -0.585746 0.00457515
725 -0.36 -0.585434 0.00457943
726 -0.6 -0.585455 0.00457317
727 -0.44 -0.585254 0.00457125
728 -0.52 -0.585165 0.00456585
729 -0.68 -0.585295 0.00456144
730 -0.76 -0.585534 0.00456147
731 -0.6 -0.585554 0.00455526
732 -0.52 -0.585464 0.00454992
733 -0.76 -0.585703 0.00454994
734 -0.6 -0.585722 0.00454378
735 -0.68 -0.58585 0.00453941
736 -0.6 -0.58587 0.00453328
737 -0.52 -0.58578 0.004528
738 -0.28 -0.585366 0.00454081
739 -0.52 -0.585277 0.00453552
740 -0.6 -0.585297 0.00452943
741 -0.6 -0.585317 0.00452336
742 -0.76 -0.585553 0.00452339
743 -0.52 -0.585464 0.00451816
744 -0.52 -0.585376 0.00451294
745 -0.52 -0.585289 0.00450773
746 -0.44 -0.585094 0.00450589
747 -0.6 -0.585114 0.0044999
748 -0.6 -0.585134 0.00449393
749 -0.68 -0.58526 0.00448971
750 -0.6 -0.58528 0.00448376
751 -0.6 -0.5853 0.00447783
752 -0.52 -0.585213 0.00447272
753 -0.52 -0.585126 0.00446761
754 -0.76 -0.585358 0.00446771
755 -0.76 -0.585589 0.00446778
756 -0.68 -0.585714 0.00446361
757 -0.68 -0.585839 0.00445945
758 -0.52 -0.585752 0.00445441
759 -0.68 -0.585876 0.00445027
760 -0.52 -0.585789 0.00444525
761 -0.52 -0.585703 0.00444025
762 -0.52 -0.585617 0.00443526
763 -0.44 -0.585426 0.00443355
764 -0.68 -0.58555 0.00442947
765 -0.76 -0.585778 0.00442955
766 -0.68 -0.585901 0.00442548
767 -0.68 -0.586023 0.00442141
768 -0.76 -0.58625 0.00442145
769 -0.76 -0.586476 0.00442148
770 -0.52 -0.58639 0.00441657
771 -0.52 -0.586304 0.00441168
772 -0.28 -0.585907 0.00442379
773 -0.28 -0.585511 0.00443575
774 -0.6 -0.58553 0.00443006
775 -0.36 -0.585239 0.0044339
776 -0.52 -0.585155 0.00442898
777 -0.6 -0.585174 0.00442332
778 -0.44 -0.584987 0.00442157
779 -0.52 -0.584904 0.00441668
780 -0.36 -0.584615 0.00442042
781 -0.36 -0.584328 0.00442412
782 -0.36 -0.584041 0.00442776
783 -0.44 -0.583857 0.00442593
784 -0.6 -0.583878 0.00442032
785 -0.52 -0.583796 0.00441544
786 -0.68 -0.583919 0.00441152
787 -0.6 -0.583939 0.00440596
788 -0.44 -0.583756 0.00440415
789 -0.6 -0.583777 0.00439861
790 -0.6 -0.583797 0.00439309
791 -0.6 -0.583818 0.00438758
792 -0.84 -0.584141 0.00439396
793 -0.6 -0.584161 0.00438846
794 -0.52 -0.584081 0.00438367
795 -0.68 -0.584201 0.00437982
796 -0.44 -0.58402 0.00437806
797 -0.36 -0.583739 0.00438159
798 -0.68 -0.58386 0.00437776
799 -0.6 -0.58388 0.00437232
800 -0.68 -0.584 0.00436851
801 -0.52 -0.58392 0.00436378
802 -0.52 -0.58384 0.00435907
803 -0.6 -0.583861 0.00435368
804 -0.68 -0.58398 0.00434991
805 -0.68 -0.584099 0.00434614
806 -0.68 -0.584218 0.00434237
807 -0.68 -0.584337 0.00433861
808 -0.6 -0.584356 0.00433328
809 -0.52 -0.584277 0.00432865
810 -0.6 -0.584296 0.00432335
811 -0.52 -0.584217 0.00431874
812 -0.52 -0.584138 0.00431414
813 -0.44 -0.583961 0.00431248
814 -0.44 -0.583784 0.00431081
815 -0.52 -0.583706 0.00430623
816 -0.52 -0.583627 0.00430166
817 -0.52 -0.58355 0.00429709
818 -0.36 -0.583276 0.00430053
819 -0.52 -0.583199 0.00429597
820 -0.52 -0.583122 0.00429142
821 -0.44 -0.582948 0.00428973
822 -0.44 -0.582774 0.00428804
823 -0.52 -0.582697 0.0042835
824 -0.44 -0.582524 0.00428181
825 -0.76 -0.582739 0.00428202
826 -0.76 -0.582954 0.00428221
827 -0.68 -0.583071 0.00427864
828 -0.52 -0.582995 0.00427415
829 -0.36 -0.582726 0.00427746
830 -0.6 -0.582747 0.00427235
831 -0.76 -0.58296 0.00427254
832 -0.6 -0.582981 0.00426745
833 -0.68 -0.583097 0.00426391
834 -0.68 -0.583213 0.00426038
835 -0.68 -0.583329 0.00425685
836 -0.76 -0.583541 0.00425701
837 -0.68 -0.583656 0.00425348
838 -0.6 -0.583675 0.00424845
839 -0.44 -0.583504 0.00424683
840 -0.52 -0.583429 0.00424245
841 -0.6 -0.583448 0.00423745
842 -0.6 -0.583468 0.00423246
843 -0.44 -0.583298 0.00423086
844 -0.52 -0.583223 0.00422651
845 -0.68 -0.583337 0.00422305
846 -0.84 -0.583641 0.00422896
847 -0.76 -0.583849 0.00422909
848 -0.68 -0.583962 0.00422562
849 -0.84 -0.584264 0.0042314
850 -0.6 -0.584282 0.00422646
851 -0.68 -0.584395 0.00422299
852 -0.52 -0.584319 0.00421871
853 -0.52 -0.584244 0.00421443
854 -0.6 -0.584262 0.00420954
855 -0.52 -0.584187 0.00420528
856 -0.68 -0.584299 0.00420186
857 -0.6 -0.584317 0.00419699
858 -0.84 -0.584615 0.00420267
859 -0.68 -0.584726 0.00419925
860 -0.52 -0.584651 0.00419504
861 -0.6 -0.584669 0.0041902
862 -0.52 -0.584594 0.00418601
863 -0.2 -0.584148 0.00420484
864 -0.52 -0.584074 0.00420062
865 -0.68 -0.584185 0.00419723
866 -0.52 -0.584111 0.00419304
867 -0.68 -0.584221 0.00418966
868 -0.6 -0.58424 0.00418487
869 -0.68 -0.58435 0.0041815
870 -0.68 -0.58446 0.00417814
871 -0.76 -0.584661 0.0041782
872 -0.84 -0.584954 0.00418367
873 -0.76 -0.585155 0.00418368
874 -0.44 -0.584989 0.00418219
875 -0.36 -0.584731 0.00418531
876 -0.44 -0.584566 0.0041838
877 -0.52 -0.584493 0.00417967
878 -0.52 -0.584419 0.00417555
879 -0.52 -0.584346 0.00417145
880 -0.68 -0.584455 0.00416812
881 -0.68 -0.584563 0.0041648
882 -0.6 -0.58458 0.00416011
883 -0.76 -0.584779 0.00416014
884 -0.68 -0.584887 0.00415683
885 -0.52 -0.584814 0.00415278
886 -0.52 -0.58474 0.00414873
887 -0.6 -0.584758 0.00414409
888 -0.6 -0.584775 0.00413946
889 -0.6 -0.584792 0.00413483
890 -0.52 -0.584719 0.00413082
891 -0.6 -0.584736 0.00412622
892 -0.68 -0.584843 0.00412298
893 -0.52 -0.58477 0.004119
894 -0.52 -0.584698 0.00411502
895 -0.52 -0.584626 0.00411106
896 -0.44 -0.584464 0.00410964
897 -0.44 -0.584303 0.00410821
898 -0.6 -0.584321 0.00410367
899 -0.68 -0.584427 0.00410049
900 -0.44 -0.584267 0.00409907
901 -0.44 -0.584107 0.00409765
902 -0.68 -0.584213 0.00409448
903 -0.6 -0.58423 0.00408999
904 -0.52 -0.584159 0.00408608
905 -0.68 -0.584265 0.00408293
906 -0.68 -0.584371 0.00407979
907 -0.6 -0.584388 0.00407533
908 -0.76 -0.584581 0.00407543
909 -0.76 -0.584774 0.00407551
910 -0.6 -0.584791 0.00407107
911 -0.52 -0.58472 0.00406722
912 -0.44 -0.584561 0.00406585
913 -0.68 -0.584666 0.00406274
914 -0.6 -0.584683 0.00405833
915 -0.6 -0.584699 0.00405393
916 -0.6 -0.584716 0.00404953
917 -0.76 -0.584907 0.00404963
918 -0.68 -0.585011 0.00404654
919 -0.68 -0.585114 0.00404346
920 -0.68 -0.585217 0.00404038
921 -0.52 -0.585147 0.00403661
922 -0.44 -0.584989 0.0040353
923 -0.68 -0.585092 0.00403224
924 -0.6 -0.585108 0.00402791
925 -0.6 -0.585124 0.00402358
926 -0.52 -0.585054 0.00401985
927 -0.44 -0.584898 0.00401856
928 -0.44 -0.584741 0.00401726
929 -0.52 -0.584672 0.00401354
930 -0.52 -0.584602 0.00400982
931 -0.52 -0.584533 0.00400612
932 -0.6 -0.584549 0.00400185
933 -0.6 -0.584566 0.00399759
934 -0.68 -0.584668 0.00399462
935 -0.52 -0.584599 0.00399094
936 -0.6 -0.584615 0.00398671
937 -0.52 -0.584546 0.00398305
938 -0.6 -0.584563 0.00397883
939 -0.44 -0.584409 0.00397758
940 -0.6 -0.584426 0.00397338
941 -0.68 -0.584527 0.00397045
942 -0.52 -0.584459 0.00396683
943 -0.68 -0.58456 0.00396391
944 -0.76 -0.584746 0.00396407
945 -0.68 -0.584847 0.00396115
946 -0.76 -0.585032 0.00396129
947 -0.76 -0.585216 0.00396142
948 -0.6 -0.585232 0.00395727
949 -0.68 -0.585332 0.00395436
950 -0.68 -0.585432 0.00395145
951 -0.68 -0.585531 0.00394855
952 -0.68 -0.58563 0.00394564
953 -0.52 -0.585561 0.0039421
954 -0.44 -0.585409 0.00394092
955 -0.36 -0.585173 0.00394386
956 -0.44 -0.585021 0.00394266
957 -0.68 -0.58512 0.00393979
958 -0.6 -0.585136 0.00393571
959 -0.6 -0.585151 0.00393163
960 -0.36 -0.584917 0.00393453
961 -0.6 -0.584932 0.00393047
962 -0.44 -0.584782 0.00392927
963 -0.68 -0.584881 0.00392643
964 -0.68 -0.584979 0.0039236
965 -0.6 -0.584995 0.00391956
966 -0.6 -0.58501 0.00391553
967 -0.52 -0.584943 0.00391206
968 -0.36 -0.584711 0.00391492
969 -0.52 -0.584644 0.00391144
970 -0.44 -0.584495 0.00391025
971 -0.36 -0.584264 0.00391306
972 -0.52 -0.584198 0.00390959
973 -0.52 -0.584132 0.00390613
974 -0.6 -0.584148 0.00390215
975 -0.68 -0.584246 0.00389938
976 -0.68 -0.584344 0.00389662
977 -0.6 -0.58436 0.00389267
978 -0.6 -0.584376 0.00388872
979 -0.6 -0.584392 0.00388477
980 -0.36 -0.584163 0.00388756
981 -0.52 -0.584098 0.00388414
982 -0.36 -0.58387 0.00388689
983 -0.36 -0.583642 0.00388961
984 -0.52 -0.583577 0.00388619
985 -0.52 -0.583513 0.00388278
986 -0.44 -0.583367 0.00388157
987 -0.68 -0.583465 0.00387887
988 -0.36 -0.583239 0.00388154
989 -0.36 -0.583013 0.00388418
990 -0.6 -0.58303 0.00388029
991 -0.68 -0.583128 0.00387761
992 -0.68 -0.583226 0.00387493
993 -0.68 -0.583323 0.00387225
994 -0.68 -0.583421 0.00386957
995 -0.52 -0.583357 0.00386621
996 -0.52 -0.583293 0.00386285
997 -0.44 -0.583149 0.00386165
998 -0.68 -0.583246 0.003859
999 -0.6 -0.583263 0.00385517
1000 -0.52 -0.5832 0.00385183
