1 0.24 0.24 0
2 0.28 0.26 0.02
3 0.36 0.293333 0.0352767
4 0.32 0.3 0.0258199
5 0.36 0.312 0.0233238
6 0.52 0.346667 0.0395531
7 0.48 0.365714 0.0384743
8 0.4 0.37 0.0335942
9 0.28 0.36 0.0312694
10 0.4 0.364 0.0282528
11 0.28 0.356364 0.0266722
12 0.36 0.356667 0.0243501
13 0.32 0.353846 0.0225758
14 0.36 0.354286 0.0209057
15 0.32 0.352 0.0195959
16 0.2 0.3425 0.0206458
17 0.16 0.331765 0.0221664
18 0.08 0.317778 0.0251474
19 0.12 0.307368 0.0259649
20 -0.16 0.284 0.0339535
21 -0.32 0.255238 0.0432469
22 0 0.243636 0.0428354
23 0.04 0.234783 0.0418772
24 -0.16 0.218333 0.0433375
25 -0.24 0.2 0.0454313
26 -0.28 0.181538 0.0473926
27 -0.04 0.173333 0.0463358
28 -0.12 0.162857 0.0458629
29 -0.08 0.154483 0.0450385
30 -0.12 0.145333 0.0444629
31 -0.16 0.135484 0.0441182
32 -0.04 0.13 0.0430678
33 -0.08 0.123636 0.0422246
34 0.2 0.125882 0.0410254
35 0.4 0.133714 0.0405986
36 0.56 0.145556 0.0411934
37 0.44 0.153514 0.0408473
38 0.44 0.161053 0.0404663
39 0.16 0.161026 0.0394151
40 0.2 0.162 0.0384294
41 0.2 0.162927 0.0374919
42 0.2 0.16381 0.036599
43 0.2 0.164651 0.0357476
44 0.2 0.165455 0.0349349
45 0.16 0.165333 0.03415
46 0.16 0.165217 0.0333996
47 0.28 0.16766 0.0327723
48 0.12 0.166667 0.0320977
49 0 0.163265 0.0316193
50 -0.12 0.1576 0.0314942
51 -0.12 0.152157 0.0313467
52 -0.08 0.147692 0.0310605
53 -0.04 0.144151 0.0306739
54 -0.04 0.140741 0.0302931
55 -0.2 0.134545 0.0303757
56 0 0.132143 0.0299249
57 -0.04 0.129123 0.02955
58 -0.04 0.126207 0.0291821
59 0.2 0.127458 0.0287104
60 0.12 0.127333 0.0282282
61 0.04 0.125902 0.0277984
62 0.04 0.124516 0.0273815
63 0.12 0.124444 0.0269434
64 0.16 0.125 0.0265249
65 0.4 0.129231 0.0264542
66 0.4 0.133333 0.0263713
67 0.44 0.13791 0.0263749
68 0.36 0.141176 0.0261886
69 0.44 0.145507 0.0261672
70 0.52 0.150857 0.0263397
71 0.56 0.15662 0.0265978
72 0.4 0.16 0.0264427
73 0.32 0.162192 0.0261699
74 0.28 0.163784 0.0258629
75 0.2 0.164267 0.0255203
76 -0.16 0.16 0.0255412
77 -0.16 0.155844 0.0255476
78 -0.2 0.151282 0.0256272
79 -0.4 0.144304 0.0262455
80 -0.36 0.138 0.026671
81 -0.08 0.135309 0.0264768
82 0 0.133659 0.0262039
83 0 0.132048 0.0259363
84 0 0.130476 0.0256739
85 0.04 0.129412 0.0253924
86 -0.08 0.126977 0.0252132
87 -0.08 0.124598 0.025035
88 -0.12 0.121818 0.0249045
89 -0.04 0.12 0.0246901
90 -0.16 0.116889 0.0246117
91 -0.36 0.111648 0.0248975
92 -0.12 0.10913 0.0247538
93 -0.12 0.106667 0.0246098
94 -0.08 0.104681 0.0244274
95 0.08 0.104421 0.0241703
96 0.2 0.105417 0.0239379
97 0.12 0.105567 0.0236903
98 -0.08 0.103673 0.0235237
99 0 0.102626 0.0233084
100 0.16 0.1032 0.0230813
101 0.12 0.103366 0.0228522
102 0.24 0.104706 0.0226667
103 0.28 0.106408 0.02251
104 0.12 0.106538 0.0222928
105 0.32 0.108571 0.0221729
106 0.24 0.109811 0.0219977
107 0.32 0.111776 0.0218795
108 0.32 0.113704 0.0217616
109 0.28 0.115229 0.0216149
110 0.12 0.115273 0.0214175
111 0.04 0.114595 0.0212345
112 0.04 0.113929 0.0210546
113 0.04 0.113274 0.0208777
114 0.28 0.114737 0.0207454
115 0 0.113739 0.0205884
116 -0.12 0.111724 0.0205094
117 -0.24 0.108718 0.0205543
118 -0.12 0.10678 0.0204714
119 -0.48 0.101849 0.0208889
120 -0.44 0.0973333 0.0212006
121 -0.44 0.0928926 0.0214885
122 -0.6 0.0872131 0.0220554
123 -0.52 0.0822764 0.0224255
124 -0.68 0.076129 0.0230777
125 -0.6 0.07072 0.0235227
126 -0.6 0.0653968 0.0239347
127 -0.4 0.0617323 0.0240266
128 -0.24 0.059375 0.0239545
129 -0.2 0.0573643 0.0238529
130 -0.04 0.0566154 0.0236806
131 -0.04 0.0558779 0.0235107
132 -0.24 0.0536364 0.0234393
133 -0.2 0.0517293 0.0233405
134 -0.08 0.0507463 0.0231865
135 -0.28 0.0482963 0.0231441
136 -0.36 0.0452941 0.0231686
137 -0.6 0.0405839 0.0234763
138 -0.52 0.0365217 0.0236569
139 -0.6 0.0319424 0.0239284
140 -0.64 0.0271429 0.0242368
141 -0.72 0.021844 0.0246408
142 -0.56 0.0177465 0.0248074
143 -0.52 0.013986 0.0249187
144 -0.56 0.01 0.025064
145 -0.48 0.00662069 0.0251189
146 -0.2 0.00520548 0.0249864
147 -0.04 0.00489796 0.0248177
148 -0.08 0.00432432 0.0246562
149 0.08 0.00483221 0.0244954
150 0.04 0.00506667 0.0243327
151 0.08 0.00556291 0.0241761
152 -0.08 0.005 0.0240231
153 0.16 0.00601307 0.0238871
154 0.04 0.00623377 0.0237325
155 0.08 0.00670968 0.0235837
156 0.28 0.00846154 0.0234974
157 0.12 0.00917197 0.023358
158 0.24 0.0106329 0.0232557
159 0 0.010566 0.023109
160 0.2 0.01175 0.0229947
161 0.12 0.0124224 0.0228613
162 0.12 0.0130864 0.0227294
163 -0.04 0.0127607 0.0225919
164 0.12 0.0134146 0.0224632
165 0.12 0.0140606 0.022336
166 0.16 0.0149398 0.0222185
167 0.2 0.0160479 0.0221128
168 0.24 0.017381 0.0220212
169 0.12 0.0179882 0.0218989
170 0.04 0.0181176 0.0217701
171 0.12 0.0187135 0.0216506
172 0.12 0.0193023 0.0215324
173 0.24 0.020578 0.0214456
174 0.2 0.0216092 0.0213469
175 0.24 0.0228571 0.0212612
176 0.28 0.0243182 0.0211905
177 -0.04 0.0239548 0.0210735
178 -0.16 0.0229213 0.0209803
179 -0.04 0.0225698 0.0208657
180 -0.04 0.0222222 0.0207524
181 0 0.0220994 0.0206378
182 0.08 0.0224176 0.0205265
183 0.04 0.0225137 0.0204143
184 0.28 0.023913 0.0203512
185 0.28 0.0252973 0.0202882
186 0.08 0.0255914 0.0201809
187 0 0.0254545 0.0200732
188 -0.12 0.0246809 0.0199811
189 -0.08 0.024127 0.0198828
190 0.08 0.0244211 0.0197801
191 0.12 0.0249215 0.0196826
192 0.16 0.025625 0.0195925
193 0.16 0.0263212 0.0195031
194 0.08 0.0265979 0.0194043
195 0.04 0.0266667 0.0193047
196 -0.08 0.0261224 0.0192136
197 0.12 0.026599 0.0191218
198 0.36 0.0282828 0.0190994
199 0.32 0.0297487 0.0190596
200 0.28 0.031 0.0190053
201 0.24 0.0320398 0.0189391
202 0.24 0.0330693 0.0188732
203 0.24 0.0340887 0.0188076
204 -0.12 0.0333333 0.0187304
205 0.04 0.0333659 0.0186389
206 -0.28 0.0318447 0.0186104
207 -0.16 0.0309179 0.0185435
208 0.04 0.0309615 0.0184542
209 0.04 0.0310048 0.0183657
210 0.2 0.0318095 0.0182958
211 0.24 0.0327962 0.0182356
212 0.24 0.0337736 0.0181756
213 0.32 0.0351174 0.0181399
214 0.4 0.0368224 0.0181353
215 0.36 0.0383256 0.0181132
216 0.28 0.0394444 0.0180639
217 0.2 0.0401843 0.0179957
218 0.32 0.0414679 0.0179588
219 0.08 0.0416438 0.0178775
220 -0.16 0.0407273 0.0178197
221 -0.24 0.039457 0.0177843
222 -0.12 0.0387387 0.0177185
223 -0.08 0.0382063 0.0176469
224 0 0.0380357 0.0175688
225 0.08 0.0382222 0.0174915
226 0.12 0.0385841 0.0174177
227 -0.16 0.0377093 0.0173629
228 0 0.0375439 0.0172874
229 0.04 0.0375546 0.0172117
230 -0.2 0.0365217 0.0171678
231 -0.36 0.0348052 0.0171793
232 -0.16 0.0339655 0.0171257
233 0.04 0.0339914 0.017052
234 0.32 0.0352137 0.017023
235 0.24 0.0360851 0.0169727
236 0.12 0.0364407 0.0169044
237 0 0.0362869 0.0168336
238 -0.16 0.0354622 0.016783
239 -0.16 0.0346444 0.0167327
240 -0.16 0.0338333 0.0166825
241 -0.24 0.0326971 0.016652
242 -0.28 0.031405 0.0166333
243 -0.2 0.0304527 0.016592
244 -0.04 0.0301639 0.0165264
245 0.04 0.0302041 0.0164589
246 -0.12 0.0295935 0.0164032
247 -0.08 0.0291498 0.0163427
248 0.16 0.0296774 0.0162852
249 0.16 0.0302008 0.0162281
250 0.08 0.0304 0.0161643
251 0.12 0.030757 0.0161037
252 0.2 0.0314286 0.0160537
253 0 0.0313043 0.0159907
254 0.28 0.0322835 0.0159576
255 0.24 0.033098 0.0159158
256 0.2 0.03375 0.0158669
257 0.04 0.0337743 0.0158051
258 0.16 0.0342636 0.0157513
259 0.16 0.034749 0.0156979
260 -0.08 0.0343077 0.0156436
261 0 0.0341762 0.0155841
262 0.24 0.0349618 0.0155444
263 0.2 0.0355894 0.0154979
264 0.16 0.0360606 0.0154462
265 0.28 0.0369811 0.0154153
266 0.24 0.0377444 0.0153762
267 0.48 0.0394007 0.0154078
268 0.4 0.0407463 0.0154091
269 0.24 0.041487 0.0153696
270 0.36 0.0426667 0.0153579
271 0.52 0.044428 0.0154022
272 0.6 0.0464706 0.0154808
273 0.56 0.0483516 0.0155382
274 0.44 0.049781 0.0155473
275 0.52 0.0514909 0.0155847
276 0.36 0.0526087 0.0155683
277 0.32 0.053574 0.015542
278 0.28 0.0543885 0.0155074
279 0.2 0.0549104 0.0154606
280 0.2 0.0554286 0.015414
281 0 0.0552313 0.0153603
282 0.24 0.0558865 0.0153197
283 0.16 0.0562544 0.0152699
284 0.2 0.0567606 0.0152245
285 0.08 0.0568421 0.0151712
286 0.04 0.0567832 0.0151182
287 -0.12 0.0561672 0.015078
288 -0.2 0.0552778 0.0150518
289 -0.28 0.0541176 0.0150445
290 0.12 0.0543448 0.0149942
291 0 0.0541581 0.0149438
292 -0.08 0.0536986 0.0148996
293 -0.12 0.0531058 0.0148605
294 0.12 0.0533333 0.0148116
295 0.08 0.0534237 0.0147616
296 0 0.0532432 0.0147127
297 0 0.053064 0.0146642
298 -0.2 0.0522148 0.0146396
299 -0.16 0.051505 0.0146078
300 -0.04 0.0512 0.0145622
301 -0.2 0.0503654 0.0145377
302 -0.16 0.0496689 0.0145062
303 -0.28 0.0485809 0.0144992
304 -0.2 0.0477632 0.0144745
305 -0.24 0.0468197 0.0144578
306 -0.28 0.0457516 0.01445
307 -0.12 0.0452117 0.0144129
308 0.04 0.0451948 0.0143661
309 0 0.0450485 0.0143203
310 0.04 0.0450323 0.014274
311 0.24 0.0456592 0.0142418
312 0.28 0.0464103 0.014216
313 0.2 0.046901 0.014179
314 0.32 0.0477707 0.0141605
315 0.16 0.048127 0.01412
316 0.16 0.048481 0.0140797
317 0 0.0483281 0.014036
318 0.04 0.0483019 0.0139918
319 -0.04 0.0480251 0.0139506
320 0.24 0.048625 0.0139199
321 0.36 0.049595 0.0139103
322 0.28 0.0503106 0.0138855
323 0.32 0.0511455 0.0138676
324 0.36 0.0520988 0.0138576
325 0.04 0.0520615 0.0138149
326 -0.16 0.051411 0.0137878
327 -0.04 0.0511315 0.0137484
328 -0.04 0.0508537 0.0137093
329 -0.2 0.0500912 0.0136888
330 -0.4 0.0487273 0.0137152
331 -0.32 0.0476133 0.013719
332 -0.28 0.0466265 0.0137132
333 -0.32 0.0455255 0.0137162
334 -0.08 0.0451497 0.0136803
335 0.12 0.0453731 0.0136412
336 0.04 0.0453571 0.0136005
337 -0.16 0.0447478 0.0135738
338 -0.04 0.044497 0.0135359
339 -0.12 0.0440118 0.0135046
340 -0.36 0.0428235 0.0135172
341 -0.28 0.0418768 0.0135107
342 -0.36 0.0407018 0.0135223
343 -0.36 0.0395335 0.0135333
344 -0.24 0.0387209 0.0135184
345 -0.04 0.0384928 0.0134811
346 0.08 0.0386127 0.0134426
347 0.32 0.0394236 0.0134283
348 0.24 0.04 0.0134021
349 0.36 0.0409169 0.013395
350 0.16 0.0412571 0.013361
351 0.32 0.0420513 0.0133466
352 0.32 0.0428409 0.013332
353 0.4 0.0438527 0.0133326
354 0.64 0.0455367 0.0134011
355 0.56 0.0469859 0.0134417
356 0.32 0.0477528 0.0134258
357 0.28 0.0484034 0.0134039
358 0.24 0.0489385 0.0133771
359 0.24 0.0494708 0.0133504
360 0.04 0.0494444 0.0133133
361 0 0.0493075 0.0132771
362 -0.2 0.0486188 0.0132583
363 -0.36 0.0474931 0.0132695
364 -0.32 0.0464835 0.0132715
365 -0.12 0.0460274 0.0132429
366 -0.08 0.0456831 0.0132112
367 0.28 0.0463215 0.0131906
368 0.28 0.0469565 0.01317
369 0.48 0.0481301 0.0131866
370 0.4 0.0490811 0.0131853
371 0.36 0.0499191 0.0131764
372 0.24 0.0504301 0.0131508
373 0.36 0.0512601 0.0131417
374 0.2 0.0516578 0.0131126
375 0.28 0.0522667 0.0130917
376 0.2 0.0526596 0.0130628
377 0.32 0.0533687 0.0130474
378 0.32 0.0540741 0.0130319
379 0.24 0.0545646 0.0130067
380 0.16 0.0548421 0.0129754
381 0.2 0.0552231 0.0129469
382 0.24 0.0557068 0.0129221
383 0.24 0.056188 0.0128973
384 -0.04 0.0559375 0.0128661
385 0.12 0.0561039 0.0128337
386 0.24 0.0565803 0.0128093
387 0 0.0564341 0.012777
388 0.28 0.0570103 0.012757
389 0.4 0.057892 0.0127547
390 0.48 0.0589744 0.0127679
391 0.28 0.0595396 0.0127477
392 0.12 0.0596939 0.0127161
393 0 0.059542 0.0126846
394 -0.12 0.0590863 0.0126606
395 -0.24 0.0583291 0.0126512
396 -0.16 0.0577778 0.0126312
397 -0.12 0.05733 0.0126073
398 -0.32 0.0563819 0.0126113
399 -0.32 0.0554386 0.012615
400 -0.44 0.0542 0.0126442
401 -0.64 0.0524688 0.0127309
402 -0.6 0.0508458 0.0128025
403 -0.44 0.0496278 0.0128286
404 -0.16 0.0491089 0.0128073
405 0 0.0489877 0.0127762
406 -0.12 0.0485714 0.0127515
407 -0.08 0.0482555 0.0127241
408 -0.12 0.0478431 0.0126996
409 0.16 0.0481174 0.0126714
410 0.08 0.0481951 0.0126407
411 -0.04 0.0479805 0.0126118
412 -0.16 0.0474757 0.0125912
413 -0.12 0.0470702 0.0125673
414 -0.04 0.0468599 0.0125386
415 0.32 0.0475181 0.0125257
416 0.48 0.0485577 0.0125387
417 0.48 0.0495923 0.0125513
418 0.56 0.0508134 0.0125807
419 0.64 0.0522196 0.0126291
420 0.68 0.0537143 0.0126874
421 0.8 0.0554869 0.0127807
422 0.84 0.057346 0.0128852
423 0.72 0.0589125 0.0129498
424 0.52 0.06 0.0129649
425 0.4 0.0608 0.0129591
426 0.32 0.0614085 0.012943
427 0.32 0.0620141 0.0129268
428 0.24 0.0624299 0.0129033
429 0.32 0.0630303 0.0128872
430 0.4 0.063814 0.012881
431 0.4 0.064594 0.0128747
432 0.44 0.065463 0.0128743
433 0.36 0.0661432 0.0128625
434 0.12 0.0662673 0.0128334
435 0.24 0.0666667 0.0128101
436 0.2 0.0669725 0.0127844
437 0.4 0.0677346 0.0127778
438 0.44 0.0685845 0.0127769
439 0.44 0.0694305 0.0127758
440 0.2 0.0697273 0.0127502
441 0.08 0.0697506 0.0127213
442 0.4 0.0704977 0.0127144
443 0.2 0.0707901 0.0126891
444 0 0.0706306 0.0126615
445 -0.08 0.0702921 0.0126375
446 0 0.0701345 0.0126101
447 -0.36 0.0691723 0.0126186
448 -0.24 0.0684821 0.0126093
449 0.08 0.0685078 0.0125812
450 0.08 0.0685333 0.0125533
451 0.28 0.0690022 0.0125342
452 -0.04 0.0687611 0.0125088
453 0.12 0.0688742 0.0124816
454 0.04 0.0688106 0.0124543
455 0 0.0686593 0.0124278
456 -0.16 0.0681579 0.0124106
457 0.16 0.0683589 0.0123851
458 0.2 0.0686463 0.0123613
459 0.36 0.069281 0.0123507
460 0.16 0.0694783 0.0123254
461 0.2 0.0697614 0.0123019
462 0.16 0.0699567 0.0122768
463 0.24 0.070324 0.0122558
464 0.12 0.070431 0.0122298
465 0.04 0.0703656 0.0122036
466 0.2 0.0706438 0.0121806
467 0.28 0.0710921 0.0121627
468 0.4 0.0717949 0.0121571
469 0.08 0.0718124 0.0121311
470 -0.04 0.0715745 0.0121076
471 0.04 0.0715074 0.0120821
472 -0.32 0.070678 0.012085
473 -0.48 0.0695137 0.0121154
474 -0.4 0.0685232 0.0121304
475 -0.28 0.0677895 0.012127
476 -0.44 0.0667227 0.0121484
477 -0.28 0.0659958 0.0121447
478 -0.4 0.0650209 0.0121584
479 -0.4 0.0640501 0.0121718
480 -0.28 0.0633333 0.0121675
481 -0.4 0.0623701 0.0121804
482 -0.24 0.0617427 0.0121713
483 -0.16 0.0612836 0.0121547
484 -0.04 0.0610744 0.0121314
485 -0.12 0.060701 0.0121121
486 -0.04 0.0604938 0.0120889
487 -0.16 0.0600411 0.0120726
488 -0.2 0.0595082 0.0120596
489 -0.12 0.0591411 0.0120405
490 -0.2 0.0586122 0.0120275
491 -0.24 0.0580041 0.0120184
492 -0.24 0.0573984 0.0120092
493 -0.08 0.0571197 0.0119881
494 0 0.057004 0.0119643
495 -0.08 0.0567273 0.0119434
496 -0.08 0.0564516 0.0119224
497 0 0.056338 0.011899
498 0 0.0562249 0.0118756
499 0.08 0.0562725 0.0118519
500 0.24 0.05664 0.0118338
501 0.28 0.0570858 0.0118186
502 0.2 0.0573705 0.0117985
503 0.24 0.0577336 0.0117806
504 0.28 0.0581746 0.0117655
505 0.2 0.0584554 0.0117455
506 0.24 0.0588142 0.0117278
507 0.24 0.0591716 0.0117101
508 0.12 0.0592913 0.0116876
509 0.32 0.0598035 0.0116759
510 0.44 0.060549 0.0116768
511 0.64 0.061683 0.0117089
512 0.48 0.0625 0.0117146
513 0.24 0.062846 0.0116968
514 0 0.0627237 0.0116747
515 -0.2 0.0622136 0.0116632
516 -0.2 0.0617054 0.0116516
517 -0.48 0.0606576 0.0116762
518 -0.44 0.0596911 0.0116936
519 -0.12 0.0593449 0.0116762
520 -0.48 0.0583077 0.0116998
521 -0.28 0.0576583 0.0116953
522 -0.16 0.0572414 0.0116804
523 -0.2 0.0567495 0.0116684
524 -0.04 0.0565649 0.0116476
525 -0.04 0.056381 0.0116268
526 -0.12 0.0560456 0.0116095
527 -0.28 0.055408 0.011605
528 -0.4 0.0545455 0.0116151
529 -0.36 0.0537618 0.0116195
530 -0.16 0.0533585 0.0116046
531 0 0.053258 0.0115832
532 0 0.0531579 0.0115618
533 0 0.0530582 0.0115405
534 -0.08 0.052809 0.0115216
535 0.12 0.0529346 0.0115007
536 0.04 0.0529104 0.0114793
537 -0.08 0.0526629 0.0114606
538 -0.08 0.0524164 0.0114419
539 0 0.0523191 0.0114211
540 0.04 0.0522963 0.0113999
541 0.08 0.0523475 0.0113789
542 -0.08 0.0521033 0.0113605
543 -0.12 0.0517864 0.011344
544 -0.08 0.0515441 0.0113257
545 0.04 0.0515229 0.011305
546 -0.04 0.0513553 0.0112855
547 -0.24 0.0508227 0.0112774
548 -0.12 0.0505109 0.0112611
549 0.16 0.0507104 0.0112424
550 0 0.0506182 0.0112223
551 -0.2 0.0501633 0.0112111
552 0 0.0500725 0.0111912
553 -0.04 0.0499096 0.0111721
554 0 0.0498195 0.0111523
555 -0.24 0.0492973 0.0111444
556 -0.32 0.0486331 0.0111442
557 -0.12 0.0483303 0.0111283
558 -0.04 0.048172 0.0111094
559 0 0.0480859 0.0110899
560 -0.16 0.0477143 0.0110763
561 -0.16 0.047344 0.0110627
562 -0.04 0.0471886 0.0110441
563 -0.36 0.0464654 0.0110482
564 -0.6 0.0453191 0.011088
565 -0.52 0.0443186 0.0111135
566 -0.4 0.0435336 0.0111216
567 -0.28 0.042963 0.0111166
568 -0.44 0.0421127 0.0111295
569 -0.4 0.0413357 0.0111371
570 -0.32 0.0407018 0.0111356
571 -0.2 0.0402802 0.0111241
572 -0.2 0.0398601 0.0111125
573 -0.16 0.0395113 0.0110986
574 -0.24 0.0390244 0.0110899
575 -0.04 0.038887 0.0110715
576 -0.32 0.0382639 0.0110698
577 -0.08 0.0380589 0.0110525
578 -0.12 0.0377855 0.0110368
579 -0.36 0.0370984 0.0110391
580 -0.4 0.0363448 0.0110458
581 -0.16 0.0360069 0.0110319
582 -0.2 0.0356014 0.0110204
583 -0.24 0.0351286 0.0110116
584 -0.16 0.0347945 0.0109978
585 0.04 0.0348034 0.010979
586 0.04 0.0348123 0.0109603
587 0.08 0.0348893 0.0109419
588 0.12 0.035034 0.0109242
589 0.16 0.0352462 0.0109077
590 0.08 0.035322 0.0108895
591 0.16 0.035533 0.0108731
592 0.16 0.0357432 0.0108567
593 0.24 0.0360877 0.0108439
594 0.08 0.0361616 0.0108259
595 -0.08 0.0359664 0.0108094
596 0.16 0.0361745 0.0107933
597 0.24 0.0365159 0.0107806
598 0.24 0.0368562 0.0107679
599 0.2 0.0371285 0.0107534
600 0.32 0.0376 0.0107458
601 0.44 0.0382696 0.0107488
602 0.36 0.038804 0.0107442
603 0.44 0.0394693 0.010747
604 0.36 0.04 0.0107423
605 0.32 0.0404628 0.0107345
606 0.12 0.0405941 0.0107176
607 0.12 0.0407249 0.0107007
608 0.24 0.0410526 0.0106881
609 0.24 0.0413793 0.0106755
610 0.32 0.0418361 0.0106678
611 0.36 0.0423568 0.0106631
612 0.32 0.0428105 0.0106553
613 0.16 0.0430016 0.0106396
614 0.12 0.043127 0.010623
615 0.12 0.043252 0.0106064
616 -0.08 0.0430519 0.0105911
617 0.04 0.043047 0.0105739
618 0.24 0.0433657 0.0105616
619 0.32 0.0438126 0.010554
620 0.28 0.0441935 0.0105439
621 0.24 0.0445089 0.0105316
622 0.24 0.0448232 0.0105193
623 0.44 0.0454575 0.0105216
624 0.4 0.0460256 0.01052
625 0.56 0.046848 0.0105353
626 0.36 0.0473482 0.0105304
627 0.28 0.0477193 0.0105201
628 0.28 0.0480892 0.0105099
629 0.44 0.0487122 0.0105116
630 0.4 0.0492698 0.0105097
631 0.16 0.0494453 0.0104945
632 0.16 0.0496203 0.0104794
633 0.12 0.0497314 0.0104634
634 0.2 0.0499685 0.0104496
635 0 0.0498898 0.0104334
636 0 0.0498113 0.0104173
637 -0.28 0.0492936 0.0104138
638 -0.36 0.048652 0.0104172
639 -0.36 0.0480125 0.0104206
640 -0.4 0.0473125 0.0104278
641 -0.2 0.0469267 0.0104187
642 -0.08 0.046729 0.0104043
643 -0.04 0.0465941 0.010389
644 0 0.0465217 0.0103731
645 -0.24 0.0460775 0.0103665
646 -0.28 0.0455728 0.0103627
647 -0.08 0.0453787 0.0103485
648 0.04 0.0453704 0.0103326
649 -0.08 0.0451772 0.0103184
650 0 0.0451077 0.0103028
651 0 0.0450384 0.0102872
652 0.08 0.045092 0.0102715
653 0.24 0.0453905 0.0102601
654 0.16 0.0455657 0.0102459
655 0.24 0.0458626 0.0102346
656 0.32 0.0462805 0.0102275
657 0.36 0.046758 0.0102231
658 0.32 0.0471733 0.010216
659 0.2 0.0474052 0.0102031
660 0.04 0.0473939 0.0101876
661 0.08 0.0474433 0.0101723
662 0.12 0.0475529 0.0101575
663 0.32 0.0479638 0.0101505
664 0.36 0.0484337 0.0101461
665 0.4 0.0489624 0.0101446
666 0.28 0.0493093 0.0101353
667 0.4 0.0498351 0.0101338
668 0.6 0.0506587 0.0101521
669 0.48 0.0513004 0.0101572
670 0.24 0.0515821 0.0101459
671 0.36 0.0520417 0.0101412
672 0.52 0.0527381 0.01015
673 0.48 0.053373 0.0101548
674 0.28 0.0537092 0.0101453
675 0.24 0.0539852 0.010134
676 0 0.0539053 0.0101193
677 0.2 0.0541211 0.0101067
678 -0.12 0.0538643 0.010095
679 -0.2 0.0534904 0.0100871
680 -0.16 0.0531765 0.0100771
681 -0.2 0.0528047 0.0100692
682 -0.36 0.0521994 0.0100726
683 -0.24 0.0517716 0.0100669
684 -0.44 0.0510526 0.0100779
685 -0.6 0.0501022 0.0101079
686 -0.44 0.0493878 0.0101184
687 -0.28 0.0489083 0.0101151
688 -0.44 0.0481977 0.0101253
689 -0.2 0.0478374 0.010117
690 -0.24 0.0474203 0.010111
691 -0.4 0.0467728 0.0101171
692 -0.4 0.0461272 0.010123
693 -0.32 0.0455988 0.0101222
694 -0.12 0.0453602 0.0101104
695 -0.08 0.0451799 0.0100975
696 -0.2 0.0448276 0.0100891
697 -0.28 0.0443615 0.0100854
698 -0.24 0.0439542 0.0100792
699 -0.08 0.0437768 0.0100663
700 -0.28 0.0433143 0.0100626
701 -0.04 0.0431954 0.0100489
702 -0.24 0.042792 0.0100427
703 -0.32 0.042276 0.0100417
704 -0.12 0.0420455 0.01003
705 -0.2 0.0417021 0.0100217
706 -0.32 0.0411898 0.0100206
707 -0.44 0.0405092 0.0100295
708 -0.36 0.0399435 0.0100313
709 -0.52 0.0391537 0.0100482
710 -0.48 0.0384225 0.0100607
711 -0.48 0.0376934 0.010073
712 -0.6 0.0367978 0.0100986
713 -0.6 0.0359046 0.0101239
714 -0.64 0.034958 0.0101539
715 -0.36 0.0344056 0.0101547
716 -0.24 0.0340223 0.0101478
717 -0.04 0.0339191 0.0101342
718 -0.16 0.033649 0.0101236
719 -0.24 0.0332684 0.0101167
720 -0.24 0.0328889 0.0101098
721 -0.32 0.0323994 0.0101076
722 -0.2 0.0320776 0.0100987
723 -0.24 0.0317012 0.0100918
724 -0.2 0.0313812 0.0100829
725 -0.36 0.0308414 0.0100834
726 -0.28 0.0304132 0.0100786
727 -0.36 0.0298762 0.0100791
728 -0.36 0.0293407 0.0100795
729 -0.4 0.0287517 0.0100828
730 -0.16 0.0284932 0.0100723
731 -0.28 0.0280711 0.0100674
732 -0.28 0.0276503 0.0100624
733 -0.04 0.027558 0.0100491
734 -0.04 0.0274659 0.0100359
735 -0.08 0.0273197 0.0100233
736 -0.04 0.0272283 0.01001
737 -0.08 0.0270828 0.00999751
738 -0.04 0.0269919 0.00998437
739 -0.12 0.026793 0.00997284
740 -0.04 0.0267027 0.00995976
741 -0.12 0.0265047 0.00994828
742 -0.2 0.0261995 0.00993955
743 -0.36 0.0256797 0.00993976
744 -0.28 0.0252688 0.00993489
745 -0.2 0.0249664 0.00992616
746 -0.2 0.0246649 0.00991743
747 -0.28 0.024257 0.00991254
748 -0.12 0.0240642 0.00990115
749 -0.04 0.0239786 0.0098883
750 0.08 0.0240533 0.00987539
751 0.16 0.0242344 0.00986389
752 0.28 0.0245745 0.00985663
753 0.28 0.0249137 0.00984938
754 0.24 0.0251989 0.00984044
755 0.04 0.0252185 0.00982742
756 0.12 0.0253439 0.00981521
757 0.24 0.0256275 0.00980634
758 0.36 0.0260686 0.00980332
759 0.4 0.0265613 0.00980278
760 0.28 0.0268947 0.00979556
761 0.28 0.0272273 0.00978833
762 0.24 0.0275066 0.00977946
763 0.28 0.0278375 0.00977224
764 0.36 0.0282723 0.00976912
765 0.4 0.0287582 0.00976843
766 0.36 0.0291906 0.00976525
767 0.4 0.0296741 0.00976449
768 0.44 0.0302083 0.00976639
769 0.4 0.0306892 0.00976553
770 0.4 0.0311688 0.00976462
771 0.28 0.0314916 0.00975729
772 0.32 0.0318653 0.00975181
773 0.44 0.0323933 0.00975348
774 0.32 0.0327649 0.00974796
775 0.32 0.0331355 0.00974243
776 0.24 0.0334021 0.00973351
777 0.28 0.0337194 0.00972616
778 0.16 0.0338817 0.00971501
779 -0.16 0.0336329 0.00970572
780 -0.28 0.0332308 0.0097016
781 -0.24 0.0328809 0.00969549
782 -0.16 0.0326343 0.00968622
783 -0.32 0.0321839 0.00968432
784 -0.32 0.0317347 0.00968239
785 -0.12 0.0315414 0.00967198
786 -0.24 0.0311959 0.00966584
787 -0.16 0.030953 0.00965661
788 0.24 0.0312183 0.00964799
789 0.28 0.0315336 0.00964091
790 0.24 0.0317975 0.00963232
791 0.2 0.0320101 0.00962248
792 0.32 0.0323737 0.0096172
793 0.2 0.0325851 0.00960739
794 0 0.0325441 0.00959537
795 -0.08 0.0324025 0.00958434
796 0 0.0323618 0.00957238
797 0.24 0.0326223 0.00956391
798 0.52 0.0332331 0.00957142
799 0.48 0.0337922 0.00957577
800 0.36 0.0342 0.00957249
801 0.44 0.0347066 0.00957394
802 0.36 0.0351122 0.0095706
803 0.28 0.0354172 0.00956353
804 0.4 0.0358706 0.00956239
805 0.32 0.0362236 0.00955702
806 0.56 0.0368734 0.00956725
807 0.52 0.0374721 0.00957413
808 0.32 0.0378218 0.00956866
809 0.16 0.0379728 0.00955802
810 0.2 0.0381728 0.00954831
811 0.28 0.038471 0.00954119
812 0 0.0384236 0.00952955
813 0.08 0.0384748 0.00951796
814 0.16 0.0386241 0.00950743
815 0.56 0.0392638 0.00951728
816 0.4 0.0397059 0.00951588
817 0.28 0.04 0.00950878
818 0.2 0.0401956 0.00949916
819 0.16 0.0403419 0.00948868
820 0.08 0.0403902 0.00947723
821 0.28 0.0406821 0.00947018
822 0.12 0.0407786 0.00945914
823 -0.08 0.0406318 0.00944878
824 0.04 0.0406311 0.00943731
825 0.24 0.0408727 0.00942896
826 0.24 0.0411138 0.00942062
827 0.12 0.0412092 0.0094097
828 0.12 0.0413043 0.00939882
829 0.16 0.0414475 0.00938856
830 0.08 0.041494 0.00937736
831 0.08 0.0415403 0.00936618
832 0.16 0.0416827 0.009356
833 0.24 0.0419208 0.0093478
834 0.24 0.0421583 0.0093396
835 0.32 0.042491 0.00933434
836 0.32 0.042823 0.00932908
837 0.48 0.0433453 0.00933255
838 0.52 0.0439141 0.00933875
839 0.36 0.0442908 0.00933522
840 0.28 0.0445714 0.00932832
841 0.12 0.0446611 0.00931765
842 0.08 0.0447031 0.00930667
843 0.2 0.0448873 0.00929745
844 0.4 0.0453081 0.00929595
845 0.6 0.0459645 0.00930812
846 0.52 0.0465248 0.00931398
847 0.48 0.0470366 0.00931705
848 0.56 0.0476415 0.00932569
849 0.36 0.0480094 0.00932197
850 0.16 0.0481412 0.00931192
851 0.24 0.0483666 0.00930371
852 0.44 0.0488263 0.00930414
853 0.36 0.0491911 0.00930039
854 0.4 0.0496019 0.00929857
855 0.52 0.050152 0.00930397
856 0.72 0.0509346 0.00932598
857 0.68 0.0516686 0.00934397
858 0.88 0.052634 0.00938287
859 0.68 0.0533644 0.00940035
860 0.6 0.054 0.00941091
861 0.48 0.0544948 0.00941298
862 0.16 0.0546172 0.00940285
863 0.04 0.0546002 0.00939197
864 0.2 0.0547685 0.0093826
865 0.52 0.0553064 0.00938717
866 0.4 0.0557044 0.00938477
867 0.52 0.0562399 0.00938922
868 0.52 0.0567742 0.0093936
869 0.44 0.0572152 0.00939314
870 0.48 0.0577011 0.00939492
871 0.4 0.0580941 0.00939235
872 0.36 0.0584404 0.00938796
873 0.12 0.0585109 0.00937747
874 0.12 0.0585812 0.00936699
875 0.32 0.05888 0.00936105
876 0.36 0.0592237 0.00935668
877 0.28 0.0594755 0.00934939
878 0.24 0.0596811 0.009341
879 0.32 0.0599772 0.00933507
880 0.44 0.0604091 0.00933445
881 0.28 0.0606583 0.00932718
882 0.16 0.060771 0.00931728
883 0.36 0.0611099 0.00931289
884 0.16 0.0612217 0.00930302
885 0.12 0.0612881 0.00929274
886 0.32 0.0615801 0.00928683
887 0.24 0.0617813 0.00927854
888 0.04 0.0617568 0.00926812
889 -0.04 0.0616423 0.00925839
890 0.04 0.061618 0.00924802
891 0.28 0.0618631 0.00924088
892 0.32 0.0621525 0.00923505
893 0.36 0.062486 0.00923073
894 0.32 0.062774 0.0092249
895 0.44 0.0631955 0.00922422
896 0.2 0.0633482 0.00921519
897 0.2 0.0635006 0.00920617
898 0.16 0.063608 0.00919654
899 0.2 0.0637597 0.00918755
900 -0.04 0.0636444 0.00917806
901 -0.12 0.0634406 0.00917014
902 -0.04 0.0633259 0.00916068
903 -0.08 0.0631672 0.00915191
904 -0.04 0.0630531 0.00914249
905 -0.12 0.0628508 0.00913462
906 -0.08 0.0626932 0.0091259
907 -0.04 0.0625799 0.00911653
908 -0.28 0.0622026 0.0091143
909 -0.2 0.0619142 0.00910884
910 -0.04 0.0618022 0.00909951
911 0.04 0.0617783 0.00908955
912 0.16 0.061886 0.00908022
913 0.12 0.0619496 0.00907049
914 0.16 0.0620569 0.00906119
915 0.04 0.0620328 0.00905132
916 0.2 0.0621834 0.00904268
917 0.2 0.0623337 0.00903407
918 0.08 0.0623529 0.00902424
919 0.24 0.0625462 0.00901649
920 0.24 0.0627391 0.00900875
921 0.24 0.0629316 0.00900102
922 0.2 0.0630803 0.00899248
923 0.28 0.0633153 0.00898581
924 0.2 0.0634632 0.0089773
925 0.12 0.0635243 0.00896779
926 0 0.0634557 0.00895837
927 0.12 0.0635167 0.00894891
928 0.2 0.0636638 0.00894047
929 0.08 0.0636814 0.00893086
930 -0.2 0.0633978 0.00892575
931 0 0.0633298 0.00891642
932 -0.04 0.0632189 0.00890754
933 -0.04 0.0631083 0.00889867
934 -0.04 0.0629979 0.00888983
935 -0.12 0.0628021 0.00888247
936 0.16 0.062906 0.00887358
937 0.04 0.0628815 0.00886414
938 0.08 0.0628998 0.0088547
939 0.04 0.0628754 0.0088453
940 0.08 0.0628936 0.00883591
941 0.12 0.0629543 0.00882672
942 0.32 0.0632272 0.00882157
943 0.08 0.063245 0.00881222
944 0.04 0.0632203 0.00880292
945 0.04 0.0631958 0.00879363
946 0.16 0.0632981 0.00878493
947 0.28 0.0635269 0.00877863
948 0.12 0.0635865 0.00876957
949 0.08 0.0636038 0.00876034
950 -0.04 0.0634947 0.00875179
951 0 0.063428 0.00874284
952 0.16 0.0635294 0.00873424
953 0.24 0.0637146 0.00872703
954 0.24 0.0638994 0.00871984
955 0.12 0.0639581 0.0087109
956 0.16 0.0640586 0.00870237
957 0.12 0.064117 0.00869346
958 0.16 0.0642171 0.00868496
959 0.24 0.0644004 0.00867784
960 0.2 0.0645417 0.00866994
961 0 0.0644745 0.00866118
962 0.08 0.0644906 0.00865218
963 0 0.0644237 0.00864345
964 0.04 0.0643983 0.00863452
965 0.12 0.064456 0.00862576
966 0.08 0.064472 0.00861684
967 0.2 0.0646122 0.00860907
968 0.12 0.0646694 0.00860036
969 -0.04 0.0645614 0.00859216
970 -0.04 0.0644536 0.00858397
971 0 0.0643872 0.00857539
972 -0.12 0.0641975 0.00856866
973 0 0.0641316 0.0085601
974 -0.04 0.0640246 0.00855198
975 -0.08 0.0638769 0.00854448
976 0.08 0.0638934 0.00853573
977 0.12 0.0639509 0.00852719
978 -0.08 0.0638037 0.00851974
979 -0.2 0.0635342 0.00851529
980 -0.08 0.0633878 0.00850786
981 -0.04 0.0632824 0.00849984
982 0.16 0.0633809 0.00849175
983 0.12 0.0634385 0.0084833
984 0.04 0.0634146 0.00847471
985 0.16 0.0635127 0.00846667
986 0.08 0.0635294 0.00845809
987 0.04 0.0635056 0.00844955
988 0.16 0.0636032 0.00844156
989 0.08 0.0636198 0.00843304
990 0.32 0.0638788 0.00842849
991 0.44 0.0642583 0.00842853
992 0.32 0.0645161 0.00842398
993 0.12 0.064572 0.00841568
994 0.2 0.0647082 0.00840831
995 0.44 0.0650854 0.00840832
996 0.4 0.0654217 0.0084066
997 0.16 0.0655165 0.0083987
998 0.28 0.0657315 0.00839303
999 0.28 0.0659459 0.00838737
1000 0.28 0.06616 0.00838171
