1 -0.219337 -0.219337 0
2 -0.299922 -0.25963 0.028491
3 -0.390889 -0.303383 0.0404598
4 -0.406361 -0.329127 0.037655
5 -0.390093 -0.34132 0.0320374
6 -0.399315 -0.350986 0.0281181
7 -0.387001 -0.356131 0.0245674
8 -0.369878 -0.357849 0.0215565
9 -0.364402 -0.358577 0.0191736
10 -0.375958 -0.360315 0.0173349
11 -0.466436 -0.369963 0.018247
12 -0.405301 -0.372908 0.0169624
13 -0.447245 -0.378626 0.0165935
14 -0.385832 -0.379141 0.0154162
15 -0.434035 -0.3828 0.0148165
16 -0.433346 -0.385959 0.0142233
17 -0.426962 -0.388371 0.0135896
18 -0.420795 -0.390173 0.0129534
19 -0.416678 -0.391568 0.0123465
20 -0.362571 -0.390118 0.011814
21 -0.40811 -0.390975 0.0112825
22 -0.427944 -0.392655 0.0108941
23 -0.42262 -0.393958 0.010498
24 -0.382028 -0.393461 0.0100724
25 -0.405133 -0.393928 0.00968029
26 -0.449936 -0.396082 0.00954465
27 -0.453742 -0.398217 0.00942702
28 -0.391907 -0.397992 0.00909304
29 -0.401024 -0.398097 0.00878009
30 -0.430396 -0.399173 0.00855318
31 -0.454708 -0.400965 0.0084628
32 -0.476264 -0.403318 0.0085192
33 -0.449502 -0.404717 0.0083752
34 -0.419593 -0.405155 0.0081403
35 -0.392649 -0.404797 0.00791555
36 -0.352746 -0.403352 0.00782662
37 -0.364062 -0.40229 0.00768678
38 -0.394372 -0.402081 0.00748732
39 -0.448962 -0.403283 0.0073912
40 -0.471179 -0.404981 0.00739876
41 -0.348686 -0.403608 0.0073446
42 -0.400972 -0.403545 0.00717
43 -0.39346 -0.40331 0.00700709
44 -0.382744 -0.402843 0.00686341
45 -0.401855 -0.402821 0.00671092
46 -0.419874 -0.403192 0.00657526
47 -0.394304 -0.403003 0.00643808
48 -0.422947 -0.403418 0.00631735
49 -0.428078 -0.403921 0.00620844
50 -0.413552 -0.404114 0.00608726
51 -0.483768 -0.405676 0.00616501
52 -0.398274 -0.405534 0.00604809
53 -0.364763 -0.404764 0.0059827
54 -0.367318 -0.404071 0.00591196
55 -0.388304 -0.403784 0.00581142
56 -0.41435 -0.403973 0.0057107
57 -0.495102 -0.405572 0.00583001
58 -0.554762 -0.408144 0.00627133
59 -0.577343 -0.411012 0.00678914
60 -0.50825 -0.412632 0.0068667
61 -0.443817 -0.413144 0.00677313
62 -0.456104 -0.413836 0.00669924
63 -0.457191 -0.414525 0.00662815
64 -0.45899 -0.415219 0.0065609
65 -0.446757 -0.415705 0.00647788
66 -0.469791 -0.416524 0.00643136
67 -0.484784 -0.417543 0.00641555
68 -0.419003 -0.417564 0.00632124
69 -0.432988 -0.417788 0.00623358
70 -0.385051 -0.41732 0.00616205
71 -0.431313 -0.417517 0.00607841
72 -0.452337 -0.418001 0.0060132
73 -0.426586 -0.418118 0.00593197
74 -0.370653 -0.417477 0.00588639
75 -0.450143 -0.417913 0.005824
76 -0.406393 -0.417761 0.00574934
77 -0.416188 -0.417741 0.00567471
78 -0.535807 -0.419254 0.00580032
79 -0.474605 -0.419955 0.00576906
80 -0.465235 -0.420521 0.00572464
81 -0.50107 -0.421515 0.00573969
82 -0.447155 -0.421828 0.00567821
83 -0.408322 -0.421665 0.00561212
84 -0.368592 -0.421033 0.00558077
85 -0.368868 -0.42042 0.00554875
86 -0.398737 -0.420168 0.00548996
87 -0.318664 -0.419001 0.00554944
88 -0.329756 -0.417987 0.00557828
89 -0.43438 -0.418171 0.00551864
90 -0.349629 -0.417409 0.00550962
91 -0.352948 -0.416701 0.00549442
92 -0.375326 -0.416251 0.00545308
93 -0.36631 -0.415714 0.00542082
94 -0.299364 -0.414477 0.00550265
95 -0.374892 -0.41406 0.00546048
96 -0.357756 -0.413473 0.00543501
97 -0.394882 -0.413282 0.00538235
98 -0.452353 -0.41368 0.00534218
99 -0.433289 -0.413878 0.00529189
100 -0.423331 -0.413973 0.00523981
101 -0.478446 -0.414611 0.00522667
102 -0.436309 -0.414824 0.00517976
103 -0.530719 -0.415949 0.00525026
104 -0.501852 -0.416775 0.00526435
105 -0.457333 -0.417161 0.00522836
106 -0.415769 -0.417148 0.00517906
107 -0.359127 -0.416606 0.00515896
108 -0.383414 -0.416299 0.00512034
109 -0.37319 -0.415903 0.00508862
110 -0.311356 -0.414953 0.00513035
111 -0.357718 -0.414437 0.00510997
112 -0.37268 -0.414064 0.00507793
113 -0.396466 -0.413909 0.00503538
114 -0.395421 -0.413746 0.00499382
115 -0.380903 -0.413461 0.00495856
116 -0.424212 -0.413554 0.00491668
117 -0.435195 -0.413739 0.00487813
118 -0.420639 -0.413797 0.00483714
119 -0.408476 -0.413752 0.0047967
120 -0.467436 -0.4142 0.00477755
121 -0.52355 -0.415103 0.00482278
122 -0.567638 -0.416354 0.00494266
123 -0.529167 -0.417271 0.00498684
124 -0.497416 -0.417917 0.00498834
125 -0.464294 -0.418288 0.00496221
126 -0.453882 -0.418571 0.00493086
127 -0.374493 -0.418224 0.00490423
128 -0.432953 -0.418339 0.00486727
129 -0.365722 -0.417931 0.0048466
130 -0.421259 -0.417956 0.00480938
131 -0.40859 -0.417885 0.0047732
132 -0.485199 -0.418395 0.00476421
133 -0.425593 -0.418449 0.00472869
134 -0.391748 -0.41825 0.0046976
135 -0.381316 -0.417976 0.00467076
136 -0.417781 -0.417975 0.00463642
137 -0.411107 -0.417925 0.00460285
138 -0.429396 -0.418008 0.00457024
139 -0.439395 -0.418162 0.00453995
140 -0.471704 -0.418544 0.00452361
141 -0.441862 -0.418709 0.00449455
142 -0.387384 -0.418489 0.0044683
143 -0.389084 -0.418283 0.00444179
144 -0.440753 -0.418439 0.00441368
145 -0.484272 -0.418893 0.00440653
146 -0.400979 -0.418771 0.00437806
147 -0.414183 -0.418739 0.00434839
148 -0.373894 -0.418436 0.00432955
149 -0.40232 -0.418328 0.00430184
150 -0.42807 -0.418393 0.00427365
151 -0.386187 -0.41818 0.00425067
152 -0.387907 -0.417981 0.00422737
153 -0.366054 -0.417641 0.00421334
154 -0.378079 -0.417384 0.00419381
155 -0.336985 -0.416866 0.0041987
156 -0.375497 -0.4166 0.00418015
157 -0.381196 -0.416375 0.00415961
158 -0.39334 -0.416229 0.00413584
159 -0.383225 -0.416022 0.00411503
160 -0.394146 -0.415885 0.00409158
161 -0.37117 -0.415607 0.00407558
162 -0.368299 -0.415315 0.00406087
163 -0.383235 -0.415118 0.00404073
164 -0.434189 -0.415235 0.00401776
165 -0.454664 -0.415474 0.00400051
166 -0.405818 -0.415415 0.00397683
167 -0.46316 -0.415701 0.00396328
168 -0.477776 -0.416071 0.00395688
169 -0.49048 -0.416511 0.00395789
170 -0.462466 -0.416781 0.00394383
171 -0.404006 -0.416707 0.00392147
172 -0.418815 -0.416719 0.00389869
173 -0.357087 -0.416374 0.00389136
174 -0.336333 -0.415914 0.00389609
175 -0.342554 -0.415495 0.00389632
176 -0.314054 -0.414919 0.00391658
177 -0.316843 -0.414365 0.00393345
178 -0.343424 -0.413966 0.00393149
179 -0.456128 -0.414202 0.00391658
180 -0.439095 -0.41434 0.00389726
181 -0.422461 -0.414385 0.00387599
182 -0.426647 -0.414452 0.00385527
183 -0.400936 -0.414378 0.00383491
184 -0.508297 -0.414889 0.00384789
185 -0.536047 -0.415544 0.00388242
186 -0.576227 -0.416407 0.0039565
187 -0.555494 -0.417151 0.00400464
188 -0.561085 -0.417917 0.00405586
189 -0.518584 -0.418449 0.00406923
190 -0.592045 -0.419363 0.00414911
191 -0.47275 -0.419643 0.00413679
192 -0.525127 -0.420192 0.00415157
193 -0.503155 -0.420622 0.00415225
194 -0.470586 -0.420879 0.00413883
195 -0.474328 -0.421154 0.00412667
196 -0.448796 -0.421295 0.00410803
197 -0.466322 -0.421523 0.00409353
198 -0.472281 -0.421779 0.00408087
199 -0.462931 -0.421986 0.0040656
200 -0.423952 -0.421996 0.00404528
201 -0.410259 -0.421938 0.00402558
202 -0.412785 -0.421892 0.00400591
203 -0.397028 -0.42177 0.00398805
204 -0.379912 -0.421565 0.00397377
205 -0.361183 -0.42127 0.00396529
206 -0.362675 -0.420986 0.00395623
207 -0.433341 -0.421045 0.00393757
208 -0.437005 -0.421122 0.00391938
209 -0.370168 -0.420878 0.0039082
210 -0.369666 -0.420634 0.0038972
211 -0.416498 -0.420615 0.00387877
212 -0.348103 -0.420273 0.00387553
213 -0.435809 -0.420346 0.00385802
214 -0.449208 -0.420481 0.00384235
215 -0.509177 -0.420893 0.00384656
216 -0.515731 -0.421332 0.00385373
217 -0.450744 -0.421468 0.00383835
218 -0.487622 -0.421771 0.00383272
219 -0.520761 -0.422223 0.00384178
220 -0.46136 -0.422401 0.00382844
221 -0.463802 -0.422589 0.00381569
222 -0.548895 -0.423157 0.00384069
223 -0.48377 -0.423429 0.00383307
224 -0.465277 -0.423616 0.00382051
225 -0.505773 -0.423981 0.00382094
226 -0.507708 -0.424352 0.00382195
227 -0.559227 -0.424946 0.00385102
228 -0.506835 -0.425305 0.00385084
229 -0.455883 -0.425439 0.00383634
230 -0.434111 -0.425476 0.00381985
231 -0.417435 -0.425441 0.00380347
232 -0.377356 -0.425234 0.00379272
233 -0.396132 -0.425109 0.0037785
234 -0.445427 -0.425196 0.00376335
235 -0.43414 -0.425234 0.00374753
236 -0.477461 -0.425455 0.00373818
237 -0.412007 -0.425399 0.00372283
238 -0.34854 -0.425076 0.00372117
239 -0.399826 -0.42497 0.0037071
240 -0.374778 -0.424761 0.00369755
241 -0.371937 -0.424542 0.0036887
242 -0.374455 -0.424335 0.00367926
243 -0.450369 -0.424442 0.00366568
244 -0.429629 -0.424463 0.00365071
245 -0.374198 -0.424258 0.00364157
246 -0.456087 -0.424387 0.00362907
247 -0.401206 -0.424294 0.00361559
248 -0.341551 -0.42396 0.00361637
249 -0.400083 -0.423864 0.00360312
250 -0.402675 -0.423779 0.0035897
251 -0.383431 -0.423619 0.003579
252 -0.391727 -0.423492 0.00356703
253 -0.311189 -0.423048 0.00358045
254 -0.370216 -0.42284 0.00357239
255 -0.443996 -0.422923 0.00355934
256 -0.435788 -0.422973 0.00354579
257 -0.511272 -0.423317 0.0035486
258 -0.426018 -0.423327 0.00353486
259 -0.435211 -0.423373 0.00352151
260 -0.38813 -0.423238 0.00351058
261 -0.392702 -0.423121 0.00349907
262 -0.37583 -0.42294 0.00349037
263 -0.341236 -0.42263 0.0034909
264 -0.31319 -0.422215 0.0035022
265 -0.294178 -0.421732 0.00352216
266 -0.290447 -0.421238 0.00354333
267 -0.340118 -0.420934 0.00354306
268 -0.323445 -0.420571 0.00354846
269 -0.374877 -0.420401 0.00353933
270 -0.432567 -0.420446 0.00352651
271 -0.42739 -0.420472 0.00351359
272 -0.421307 -0.420475 0.00350068
273 -0.409549 -0.420435 0.00348808
274 -0.380786 -0.42029 0.00347835
275 -0.425912 -0.42031 0.00346576
276 -0.391224 -0.420205 0.00345481
277 -0.356398 -0.419975 0.00345001
278 -0.400983 -0.419906 0.00343827
279 -0.408199 -0.419864 0.0034262
280 -0.34519 -0.419598 0.00342433
281 -0.359689 -0.419384 0.00341878
282 -0.374585 -0.419226 0.00341034
283 -0.426206 -0.41925 0.00339838
284 -0.411514 -0.419223 0.00338652
285 -0.412936 -0.419201 0.00337471
286 -0.422439 -0.419212 0.00336293
287 -0.401626 -0.419151 0.00335177
288 -0.404219 -0.419099 0.00334054
289 -0.404378 -0.419048 0.00332937
290 -0.370676 -0.418881 0.00332206
291 -0.437694 -0.418946 0.00331127
292 -0.370498 -0.41878 0.00330409
293 -0.357089 -0.41857 0.00329951
294 -0.352237 -0.418344 0.00329599
295 -0.332399 -0.418053 0.00329767
296 -0.334134 -0.417769 0.0032987
297 -0.340487 -0.417509 0.00329784
298 -0.395943 -0.417437 0.00328756
299 -0.307743 -0.41707 0.00329698
300 -0.431637 -0.417118 0.00328634
301 -0.406414 -0.417083 0.00327562
302 -0.416712 -0.417081 0.00326477
303 -0.397569 -0.417017 0.00325463
304 -0.458191 -0.417152 0.00324674
305 -0.416698 -0.417151 0.0032361
306 -0.403476 -0.417106 0.00322583
307 -0.372795 -0.416962 0.00321855
308 -0.41477 -0.416955 0.00320811
309 -0.439771 -0.417029 0.00319858
310 -0.477813 -0.417225 0.00319426
311 -0.486342 -0.417447 0.00319171
312 -0.39792 -0.417384 0.0031821
313 -0.399231 -0.417326 0.00317246
314 -0.410463 -0.417305 0.00316243
315 -0.368291 -0.417149 0.00315622
316 -0.3973 -0.417086 0.00314685
317 -0.361534 -0.416911 0.0031418
318 -0.349172 -0.416698 0.00313914
319 -0.382547 -0.416591 0.00313112
320 -0.31707 -0.41628 0.00313674
321 -0.396116 -0.416217 0.0031276
322 -0.361665 -0.416048 0.00312247
323 -0.475282 -0.416231 0.00311819
324 -0.498013 -0.416483 0.00311876
325 -0.44769 -0.416579 0.00311064
326 -0.438224 -0.416646 0.00310181
327 -0.401423 -0.416599 0.00309267
328 -0.318398 -0.4163 0.0030977
329 -0.308379 -0.415972 0.00310561
330 -0.324363 -0.415694 0.00310858
331 -0.307991 -0.415369 0.00311617
332 -0.354592 -0.415186 0.00311216
333 -0.376493 -0.41507 0.00310498
334 -0.374241 -0.414947 0.00309809
335 -0.355844 -0.414771 0.00309386
336 -0.327192 -0.41451 0.00309561
337 -0.390186 -0.414438 0.00308727
338 -0.342154 -0.414224 0.00308553
339 -0.299016 -0.413884 0.00309509
340 -0.340459 -0.413668 0.00309351
341 -0.40568 -0.413645 0.00308453
342 -0.381164 -0.41355 0.00307697
343 -0.453166 -0.413666 0.00307017
344 -0.43719 -0.413734 0.003062
345 -0.454352 -0.413852 0.00305539
346 -0.511336 -0.414133 0.00305952
347 -0.495699 -0.414368 0.00305972
348 -0.508123 -0.414638 0.00306277
349 -0.441274 -0.414714 0.00305494
350 -0.445438 -0.414802 0.00304747
351 -0.393026 -0.41474 0.00303942
352 -0.425272 -0.41477 0.00303094
353 -0.384515 -0.414684 0.00302356
354 -0.407237 -0.414663 0.00301509
355 -0.349359 -0.414479 0.00301221
356 -0.342833 -0.414278 0.00301046
357 -0.36992 -0.414154 0.00300459
358 -0.3867 -0.414077 0.00299718
359 -0.415012 -0.41408 0.00298883
360 -0.438775 -0.414148 0.00298131
361 -0.463458 -0.414285 0.00297618
362 -0.34215 -0.414085 0.00297463
363 -0.399395 -0.414045 0.00296671
364 -0.418983 -0.414059 0.00295859
365 -0.318539 -0.413797 0.00296203
366 -0.377868 -0.413699 0.00295557
367 -0.395835 -0.41365 0.00294791
368 -0.39 -0.413586 0.0029406
369 -0.420249 -0.413604 0.00293269
370 -0.391449 -0.413544 0.00292537
371 -0.370368 -0.413428 0.0029198
372 -0.373141 -0.413319 0.00291396
373 -0.409257 -0.413308 0.00290617
374 -0.416569 -0.413317 0.00289841
375 -0.385657 -0.413243 0.00289162
376 -0.32795 -0.413017 0.00289282
377 -0.337193 -0.412815 0.00289213
378 -0.341411 -0.412626 0.00289064
379 -0.346857 -0.412453 0.00288821
380 -0.372245 -0.412347 0.00288255
381 -0.404073 -0.412325 0.00287507
382 -0.374265 -0.412226 0.00286927
383 -0.390893 -0.41217 0.00286232
384 -0.381093 -0.412089 0.00285601
385 -0.455862 -0.412203 0.00285085
386 -0.470043 -0.412353 0.0028474
387 -0.455953 -0.412465 0.00284227
388 -0.507485 -0.41271 0.00284547
389 -0.453413 -0.412815 0.00284008
390 -0.452861 -0.412918 0.00283466
391 -0.448632 -0.413009 0.00282888
392 -0.413913 -0.413011 0.00282166
393 -0.418199 -0.413024 0.00281451
394 -0.421865 -0.413047 0.00280746
395 -0.438384 -0.413111 0.00280108
396 -0.423182 -0.413136 0.00279413
397 -0.385705 -0.413067 0.00278794
398 -0.454751 -0.413172 0.0027829
399 -0.485289 -0.413353 0.00278179
400 -0.573515 -0.413753 0.00280351
401 -0.500329 -0.413969 0.00280482
402 -0.458574 -0.41408 0.00280003
403 -0.474886 -0.414231 0.00279715
404 -0.432906 -0.414277 0.00279061
405 -0.416793 -0.414283 0.00278372
406 -0.379297 -0.414197 0.0027782
407 -0.516176 -0.414448 0.00278265
408 -0.469753 -0.414583 0.00277913
409 -0.421352 -0.4146 0.00277238
410 -0.434128 -0.414648 0.00276603
411 -0.405878 -0.414626 0.00275938
412 -0.389608 -0.414565 0.00275335
413 -0.369819 -0.414457 0.00274882
414 -0.366376 -0.414341 0.00274463
415 -0.456726 -0.414443 0.00273992
416 -0.403078 -0.414416 0.00273347
417 -0.375388 -0.414322 0.00272851
418 -0.4136 -0.41432 0.00272199
419 -0.490345 -0.414502 0.00272153
420 -0.440393 -0.414564 0.00271575
421 -0.399483 -0.414528 0.00270953
422 -0.482245 -0.414688 0.00270786
423 -0.478931 -0.41484 0.00270571
424 -0.43334 -0.414884 0.00269969
425 -0.390646 -0.414827 0.00269394
426 -0.425357 -0.414851 0.00268773
427 -0.446686 -0.414926 0.00268246
428 -0.451519 -0.415011 0.00267756
429 -0.43198 -0.415051 0.00267161
430 -0.448517 -0.415129 0.00266653
431 -0.371169 -0.415027 0.00266229
432 -0.380624 -0.414947 0.00265732
433 -0.469541 -0.415073 0.00265417
434 -0.463264 -0.415184 0.00265038
435 -0.362539 -0.415063 0.00264705
436 -0.370011 -0.41496 0.00264299
437 -0.338713 -0.414785 0.0026427
438 -0.359343 -0.414659 0.00263969
439 -0.401107 -0.414628 0.00263386
440 -0.350603 -0.414483 0.00263189
441 -0.372987 -0.414388 0.00262761
442 -0.376483 -0.414303 0.00262306
443 -0.385072 -0.414237 0.00261797
444 -0.398451 -0.414201 0.00261231
445 -0.401472 -0.414173 0.0026066
446 -0.404546 -0.414151 0.00260085
447 -0.365987 -0.414043 0.00259726
448 -0.419279 -0.414055 0.00259149
449 -0.380646 -0.41398 0.00258678
450 -0.397421 -0.413944 0.0025813
451 -0.363538 -0.413832 0.00257799
452 -0.407095 -0.413817 0.00257233
453 -0.363161 -0.413705 0.00256908
454 -0.431627 -0.413745 0.00256373
455 -0.442275 -0.413807 0.00255886
456 -0.368679 -0.413708 0.00255516
457 -0.419428 -0.413721 0.0025496
458 -0.437673 -0.413773 0.00254457
459 -0.4829 -0.413924 0.00254348
460 -0.420008 -0.413937 0.00253798
461 -0.390336 -0.413886 0.00253299
462 -0.400098 -0.413856 0.00252769
463 -0.424892 -0.41388 0.00252234
464 -0.342746 -0.413727 0.00252156
465 -0.39365 -0.413683 0.00251651
466 -0.459945 -0.413783 0.00251306
467 -0.482258 -0.413929 0.00251196
468 -0.525947 -0.414169 0.00251797
469 -0.495947 -0.414343 0.00251863
470 -0.434676 -0.414386 0.00251364
471 -0.42294 -0.414404 0.00250837
472 -0.47899 -0.414541 0.00250678
473 -0.430663 -0.414575 0.00250172
474 -0.408427 -0.414562 0.00249647
475 -0.443398 -0.414623 0.00249195
476 -0.440178 -0.414677 0.0024873
477 -0.350108 -0.414541 0.00248576
478 -0.328931 -0.414362 0.00248701
479 -0.333752 -0.414194 0.0024875
480 -0.312304 -0.413982 0.00249136
481 -0.30584 -0.413757 0.0024963
482 -0.357183 -0.41364 0.00249388
483 -0.368397 -0.413546 0.00249048
484 -0.445127 -0.413611 0.00248619
485 -0.42021 -0.413625 0.0024811
486 -0.350134 -0.413494 0.00247943
487 -0.358062 -0.41338 0.00247695
488 -0.336046 -0.413222 0.00247694
489 -0.33752 -0.413067 0.00247671
490 -0.386924 -0.413014 0.00247223
491 -0.416722 -0.413021 0.0024672
492 -0.430871 -0.413057 0.00246246
493 -0.454799 -0.413142 0.00245892
494 -0.476807 -0.413271 0.00245731
495 -0.453568 -0.413352 0.0024537
496 -0.424674 -0.413375 0.00244886
497 -0.454713 -0.413458 0.00244534
498 -0.451864 -0.413536 0.00244165
499 -0.48434 -0.413677 0.00244087
500 -0.437704 -0.413725 0.00243646
501 -0.439905 -0.413778 0.00243216
502 -0.445014 -0.41384 0.00242811
503 -0.476108 -0.413964 0.00242644
504 -0.37754 -0.413891 0.0024227
505 -0.422884 -0.413909 0.00241797
506 -0.424349 -0.41393 0.00241328
507 -0.391479 -0.413886 0.00240892
508 -0.392082 -0.413843 0.00240456
509 -0.392508 -0.413801 0.00240021
510 -0.421267 -0.413815 0.00239554
511 -0.402094 -0.413792 0.00239097
512 -0.463539 -0.41389 0.00238827
513 -0.5274 -0.414111 0.00239384
514 -0.54468 -0.414365 0.00240262
515 -0.439383 -0.414414 0.00239845
516 -0.486045 -0.414552 0.00239782
517 -0.499634 -0.414717 0.00239882
518 -0.37315 -0.414637 0.00239553
519 -0.455217 -0.414715 0.00239219
520 -0.475635 -0.414832 0.00239046
521 -0.466943 -0.414932 0.00238796
522 -0.486655 -0.415069 0.00238733
523 -0.513693 -0.415258 0.00239021
524 -0.513584 -0.415446 0.002393
525 -0.5121 -0.41563 0.00239551
526 -0.512043 -0.415813 0.00239796
527 -0.485503 -0.415945 0.00239705
528 -0.38469 -0.415886 0.00239324
529 -0.40651 -0.415868 0.00238879
530 -0.423114 -0.415882 0.00238432
531 -0.413104 -0.415877 0.00237983
532 -0.474059 -0.415986 0.00237787
533 -0.444658 -0.41604 0.00237402
534 -0.32953 -0.415878 0.00237509
535 -0.393749 -0.415837 0.00237102
536 -0.446532 -0.415894 0.00236728
537 -0.399274 -0.415863 0.00236308
538 -0.367819 -0.415774 0.00236037
539 -0.345922 -0.415644 0.00235955
540 -0.381553 -0.415581 0.00235602
541 -0.339467 -0.41544 0.00235586
542 -0.384041 -0.415382 0.00235223
543 -0.453645 -0.415453 0.00234895
544 -0.397363 -0.415419 0.00234487
545 -0.39932 -0.41539 0.00234075
546 -0.366241 -0.4153 0.0023382
547 -0.455774 -0.415374 0.00233509
548 -0.389597 -0.415327 0.00233131
549 -0.416505 -0.415329 0.00232706
550 -0.471135 -0.41543 0.00232504
551 -0.475382 -0.415539 0.00232336
552 -0.463186 -0.415626 0.00232076
553 -0.44141 -0.415672 0.00231703
554 -0.472617 -0.415775 0.00231513
555 -0.457214 -0.41585 0.00231216
556 -0.461525 -0.415932 0.00230946
557 -0.499534 -0.416082 0.00231019
558 -0.500817 -0.416234 0.00231103
559 -0.422263 -0.416245 0.00230692
560 -0.389066 -0.416196 0.00230331
561 -0.43727 -0.416234 0.00229951
562 -0.383407 -0.416175 0.00229616
563 -0.391541 -0.416131 0.0022925
564 -0.337958 -0.415993 0.00229262
565 -0.356179 -0.415887 0.00229101
566 -0.380939 -0.415825 0.00228779
567 -0.399284 -0.415796 0.00228394
568 -0.391634 -0.415753 0.00228032
569 -0.432163 -0.415782 0.00227649
570 -0.46521 -0.415869 0.00227415
571 -0.445738 -0.415921 0.00227077
572 -0.420261 -0.415929 0.00226681
573 -0.362113 -0.415835 0.0022648
574 -0.402544 -0.415812 0.00226097
575 -0.417856 -0.415815 0.00225704
576 -0.463134 -0.415898 0.00225462
577 -0.452534 -0.415961 0.00225161
578 -0.494929 -0.416098 0.00225185
579 -0.45012 -0.416156 0.00224873
580 -0.415505 -0.416155 0.00224485
581 -0.40534 -0.416137 0.00224107
582 -0.414856 -0.416135 0.00223722
583 -0.516021 -0.416306 0.00223993
584 -0.50644 -0.41646 0.00224141
585 -0.491789 -0.416589 0.00224127
586 -0.454116 -0.416653 0.00223836
587 -0.405636 -0.416634 0.00223463
588 -0.45094 -0.416693 0.00223159
589 -0.422717 -0.416703 0.00222782
590 -0.453778 -0.416766 0.00222493
591 -0.401529 -0.41674 0.00222132
592 -0.420038 -0.416745 0.00221757
593 -0.427791 -0.416764 0.00221391
594 -0.354202 -0.416659 0.00221269
595 -0.366745 -0.416575 0.00221056
596 -0.380453 -0.416514 0.00220768
597 -0.367104 -0.416431 0.00220553
598 -0.369597 -0.416353 0.00220323
599 -0.359304 -0.416258 0.00220161
600 -0.390475 -0.416215 0.00219836
601 -0.36961 -0.416137 0.00219607
602 -0.482912 -0.416248 0.00219522
603 -0.437957 -0.416284 0.00219188
604 -0.463366 -0.416362 0.00218964
605 -0.436234 -0.416395 0.00218626
606 -0.440906 -0.416436 0.00218303
607 -0.423691 -0.416448 0.00217947
608 -0.502207 -0.416589 0.00218044
609 -0.500307 -0.416726 0.00218119
610 -0.45769 -0.416793 0.00217865
611 -0.452874 -0.416852 0.00217588
612 -0.461585 -0.416925 0.00217355
613 -0.492431 -0.417049 0.00217349
614 -0.435127 -0.417078 0.00217015
615 -0.392067 -0.417037 0.00216701
616 -0.421492 -0.417045 0.0021635
617 -0.404872 -0.417025 0.00216008
618 -0.417173 -0.417025 0.00215659
619 -0.33995 -0.416901 0.0021567
620 -0.317666 -0.41674 0.00215915
621 -0.406 -0.416723 0.00215574
622 -0.398961 -0.416695 0.00215246
623 -0.410381 -0.416684 0.00214903
624 -0.38042 -0.416626 0.00214638
625 -0.339343 -0.416503 0.0021465
626 -0.417432 -0.416504 0.00214307
627 -0.353836 -0.416404 0.00214198
628 -0.374964 -0.416338 0.00213959
629 -0.339596 -0.416216 0.00213966
630 -0.268373 -0.415982 0.0021491
631 -0.326087 -0.415839 0.00215041
632 -0.36655 -0.415761 0.00214842
633 -0.37184 -0.415692 0.00214615
634 -0.386673 -0.415646 0.00214325
635 -0.443979 -0.415691 0.00214034
636 -0.360109 -0.415603 0.00213876
637 -0.330453 -0.41547 0.00213957
638 -0.371875 -0.415401 0.00213731
639 -0.388613 -0.415359 0.00213437
640 -0.401367 -0.415337 0.00213115
641 -0.437613 -0.415372 0.00212811
642 -0.491089 -0.41549 0.00212806
643 -0.53773 -0.41568 0.00213323
644 -0.46159 -0.415751 0.0021311
645 -0.421094 -0.41576 0.00212782
646 -0.442642 -0.415801 0.00212493
647 -0.423285 -0.415813 0.00212168
648 -0.46919 -0.415895 0.00212
649 -0.476889 -0.415989 0.00211882
650 -0.439214 -0.416025 0.00211586
651 -0.398606 -0.415998 0.00211278
652 -0.439077 -0.416034 0.00210983
653 -0.432836 -0.416059 0.00210676
654 -0.486798 -0.416168 0.00210631
655 -0.487394 -0.416276 0.0021059
656 -0.522893 -0.416439 0.00210895
657 -0.485211 -0.416544 0.00210834
658 -0.394343 -0.41651 0.00210541
659 -0.44315 -0.41655 0.0021026
660 -0.396459 -0.41652 0.00209963
661 -0.390141 -0.41648 0.00209684
662 -0.447812 -0.416527 0.0020942
663 -0.502536 -0.416657 0.00209506
664 -0.465082 -0.41673 0.00209317
665 -0.451038 -0.416781 0.00209066
666 -0.455098 -0.416839 0.00208831
667 -0.460507 -0.416904 0.00208621
668 -0.375937 -0.416843 0.00208399
669 -0.392195 -0.416806 0.0020812
670 -0.400735 -0.416782 0.00207823
671 -0.401952 -0.41676 0.00207525
672 -0.498386 -0.416882 0.00207571
673 -0.387832 -0.416838 0.00207308
674 -0.375236 -0.416777 0.00207092
675 -0.374391 -0.416714 0.0020688
676 -0.345705 -0.416609 0.00206841
677 -0.322491 -0.41647 0.00207002
678 -0.374999 -0.416409 0.00206787
679 -0.388921 -0.416368 0.00206522
680 -0.392114 -0.416333 0.00206249
681 -0.353223 -0.41624 0.00206154
682 -0.404168 -0.416222 0.0020586
683 -0.419771 -0.416227 0.00205559
684 -0.467865 -0.416303 0.00205397
685 -0.411189 -0.416295 0.00205099
686 -0.413102 -0.416291 0.002048
687 -0.456009 -0.416349 0.00204584
688 -0.507284 -0.416481 0.00204713
689 -0.470282 -0.416559 0.00204565
690 -0.452919 -0.416612 0.00204336
691 -0.42569 -0.416625 0.00204044
692 -0.336282 -0.416509 0.0020408
693 -0.355452 -0.41642 0.00203975
694 -0.391316 -0.416384 0.00203713
695 -0.47674 -0.416471 0.00203605
696 -0.391508 -0.416435 0.00203344
697 -0.420749 -0.416441 0.00203054
698 -0.443272 -0.41648 0.00202799
699 -0.405056 -0.416464 0.00202515
700 -0.383184 -0.416416 0.00202282
701 -0.400663 -0.416394 0.00202006
702 -0.429697 -0.416412 0.00201727
703 -0.522778 -0.416564 0.00202007
704 -0.509184 -0.416695 0.00202148
705 -0.419106 -0.416699 0.00201861
706 -0.391898 -0.416664 0.00201606
707 -0.400951 -0.416641 0.00201333
708 -0.420008 -0.416646 0.00201049
709 -0.389601 -0.416608 0.00200802
710 -0.379474 -0.416556 0.00200587
711 -0.360479 -0.416477 0.0020046
712 -0.403939 -0.416459 0.00200186
713 -0.380562 -0.416409 0.00199969
714 -0.408659 -0.416398 0.00199692
715 -0.370799 -0.416334 0.00199514
716 -0.331528 -0.416216 0.00199587
717 -0.357694 -0.416134 0.00199475
718 -0.370818 -0.416071 0.00199297
719 -0.382058 -0.416024 0.00199076
720 -0.405102 -0.416009 0.00198805
721 -0.329253 -0.415888 0.00198893
722 -0.363857 -0.415816 0.00198748
723 -0.434733 -0.415842 0.00198491
724 -0.441166 -0.415877 0.00198247
725 -0.484548 -0.415972 0.001982
726 -0.435316 -0.415999 0.00197945
727 -0.445172 -0.416039 0.00197713
728 -0.378398 -0.415987 0.00197509
729 -0.324802 -0.415862 0.00197634
730 -0.405742 -0.415848 0.00197368
731 -0.353409 -0.415763 0.00197283
732 -0.356598 -0.415682 0.00197179
733 -0.399901 -0.41566 0.00196922
734 -0.389373 -0.415625 0.00196686
735 -0.318719 -0.415493 0.0019686
736 -0.336714 -0.415386 0.00196883
737 -0.454677 -0.415439 0.00196688
738 -0.455084 -0.415493 0.00196495
739 -0.39649 -0.415467 0.00196246
740 -0.438236 -0.415498 0.00196005
741 -0.460803 -0.415559 0.00195836
742 -0.378868 -0.41551 0.00195634
743 -0.30627 -0.415362 0.00195923
744 -0.353891 -0.41528 0.00195833
745 -0.388207 -0.415244 0.00195604
746 -0.395845 -0.415218 0.00195359
747 -0.320409 -0.415091 0.0019551
748 -0.343449 -0.414995 0.00195483
749 -0.382062 -0.414951 0.00195271
750 -0.438144 -0.414982 0.00195035
751 -0.368346 -0.41492 0.00194874
752 -0.358869 -0.414845 0.00194758
753 -0.361394 -0.414774 0.00194628
754 -0.387403 -0.414738 0.00194404
755 -0.437672 -0.414768 0.0019417
756 -0.473236 -0.414846 0.00194068
757 -0.408639 -0.414837 0.00193813
758 -0.281872 -0.414662 0.00194349
759 -0.28729 -0.414494 0.00194817
760 -0.348619 -0.414407 0.00194753
761 -0.376192 -0.414357 0.00194562
762 -0.45431 -0.41441 0.00194377
763 -0.42339 -0.414421 0.00194126
764 -0.358348 -0.414348 0.0019401
765 -0.446182 -0.41439 0.00193802
766 -0.493041 -0.414492 0.0019382
767 -0.476545 -0.414573 0.00193736
768 -0.417048 -0.414576 0.00193484
769 -0.448047 -0.41462 0.00193282
770 -0.378399 -0.414573 0.00193088
771 -0.378597 -0.414526 0.00192894
772 -0.465016 -0.414592 0.00192755
773 -0.518976 -0.414727 0.00192978
774 -0.473522 -0.414803 0.00192878
775 -0.397719 -0.414781 0.00192642
776 -0.445878 -0.414821 0.00192435
777 -0.533232 -0.414973 0.0019279
778 -0.496485 -0.415078 0.00192827
779 -0.405823 -0.415066 0.00192583
780 -0.491853 -0.415164 0.00192587
781 -0.485879 -0.415255 0.00192554
782 -0.444946 -0.415293 0.00192345
783 -0.443277 -0.415329 0.00192132
784 -0.417261 -0.415331 0.00191887
785 -0.44281 -0.415366 0.00191675
786 -0.399319 -0.415346 0.00191442
787 -0.414882 -0.415345 0.00191199
788 -0.345329 -0.415256 0.00191162
789 -0.37343 -0.415203 0.00190994
790 -0.430161 -0.415222 0.00190761
791 -0.439318 -0.415253 0.00190544
792 -0.404241 -0.415239 0.00190309
793 -0.440419 -0.415271 0.00190095
794 -0.417349 -0.415273 0.00189856
795 -0.447217 -0.415313 0.0018966
796 -0.423085 -0.415323 0.00189424
797 -0.452823 -0.41537 0.00189245
798 -0.407087 -0.41536 0.0018901
799 -0.387965 -0.415326 0.00188805
800 -0.416907 -0.415327 0.00188569
801 -0.348403 -0.415244 0.00188519
802 -0.393696 -0.415217 0.00188303
803 -0.367474 -0.415158 0.00188162
804 -0.395095 -0.415133 0.00187945
805 -0.440978 -0.415165 0.00187739
806 -0.46379 -0.415225 0.00187603
807 -0.41539 -0.415225 0.0018737
808 -0.402969 -0.41521 0.00187144
809 -0.470357 -0.415278 0.00187037
810 -0.381004 -0.415236 0.00186854
811 -0.436381 -0.415262 0.00186642
812 -0.44061 -0.415293 0.00186438
813 -0.469499 -0.41536 0.00186328
814 -0.377781 -0.415314 0.00186156
815 -0.391633 -0.415285 0.00185951
816 -0.352849 -0.415208 0.0018588
817 -0.411392 -0.415204 0.00185653
818 -0.367935 -0.415146 0.00185516
819 -0.395736 -0.415122 0.00185305
820 -0.368781 -0.415066 0.00185165
821 -0.408849 -0.415058 0.00184941
822 -0.35287 -0.414982 0.00184871
823 -0.407498 -0.414973 0.00184648
824 -0.443863 -0.415008 0.00184457
825 -0.419883 -0.415014 0.00184235
826 -0.439245 -0.415044 0.00184035
827 -0.450505 -0.415086 0.00183862
828 -0.464345 -0.415146 0.00183737
829 -0.461504 -0.415202 0.001836
830 -0.486143 -0.415287 0.00183578
831 -0.465548 -0.415348 0.00183456
832 -0.477725 -0.415423 0.00183389
833 -0.485137 -0.415506 0.0018336
834 -0.474611 -0.415577 0.00183277
835 -0.456628 -0.415626 0.00183123
836 -0.421692 -0.415634 0.00182906
837 -0.357743 -0.415565 0.00182818
838 -0.334941 -0.415468 0.00182853
839 -0.377732 -0.415423 0.0018269
840 -0.395645 -0.4154 0.00182488
841 -0.425089 -0.415411 0.00182274
842 -0.428017 -0.415426 0.00182064
843 -0.497743 -0.415524 0.0018211
844 -0.502626 -0.415627 0.00182186
845 -0.463607 -0.415684 0.00182059
846 -0.495992 -0.415779 0.00182091
847 -0.439271 -0.415807 0.00181897
848 -0.408395 -0.415798 0.00181685
849 -0.488232 -0.415883 0.00181671
850 -0.528425 -0.416016 0.00181939
851 -0.557389 -0.416182 0.00182482
852 -0.478948 -0.416255 0.00182417
853 -0.472823 -0.416322 0.00182323
854 -0.41925 -0.416325 0.0018211
855 -0.432938 -0.416345 0.00181907
856 -0.47409 -0.416412 0.0018182
857 -0.436104 -0.416435 0.00181622
858 -0.333197 -0.416338 0.0018167
859 -0.383971 -0.4163 0.00181497
860 -0.393525 -0.416274 0.00181305
861 -0.394429 -0.416248 0.00181113
862 -0.487521 -0.416331 0.00181091
863 -0.41525 -0.41633 0.00180881
864 -0.427631 -0.416343 0.00180677
865 -0.402839 -0.416327 0.00180475
866 -0.363525 -0.416266 0.00180369
867 -0.439561 -0.416293 0.00180181
868 -0.443828 -0.416325 0.00180001
869 -0.466446 -0.416383 0.00179887
870 -0.464841 -0.416438 0.00179766
871 -0.455172 -0.416483 0.00179615
872 -0.427095 -0.416495 0.00179413
873 -0.39207 -0.416467 0.00179229
874 -0.424128 -0.416476 0.00179026
875 -0.377973 -0.416432 0.00178876
876 -0.33392 -0.416338 0.00178919
877 -0.421646 -0.416344 0.00178716
878 -0.385004 -0.416308 0.00178548
879 -0.416278 -0.416308 0.00178345
880 -0.386587 -0.416274 0.00178175
881 -0.347203 -0.416196 0.00178145
882 -0.343439 -0.416113 0.00178134
883 -0.385256 -0.416078 0.00177966
884 -0.426877 -0.41609 0.00177769
885 -0.424213 -0.4161 0.00177571
886 -0.273005 -0.415938 0.00178103
887 -0.376064 -0.415893 0.00177959
888 -0.401597 -0.415877 0.00177766
889 -0.439425 -0.415904 0.00177586
890 -0.367256 -0.415849 0.0017747
891 -0.405621 -0.415837 0.00177275
892 -0.357898 -0.415773 0.00177195
893 -0.484107 -0.415849 0.00177162
894 -0.483759 -0.415925 0.00177126
895 -0.433537 -0.415945 0.00176939
896 -0.441394 -0.415973 0.00176765
897 -0.351803 -0.415902 0.00176712
898 -0.421636 -0.415908 0.00176517
899 -0.455597 -0.415952 0.00176376
900 -0.483582 -0.416027 0.0017634
901 -0.447289 -0.416062 0.00176178
902 -0.481871 -0.416135 0.00176134
903 -0.45221 -0.416175 0.00175984
904 -0.364805 -0.416118 0.00175881
905 -0.354373 -0.41605 0.00175819
906 -0.400108 -0.416032 0.00175634
907 -0.427246 -0.416045 0.00175444
908 -0.417569 -0.416046 0.00175251
909 -0.487191 -0.416124 0.00175233
910 -0.379719 -0.416084 0.00175086
911 -0.44042 -0.416111 0.00174914
912 -0.392631 -0.416085 0.00174742
913 -0.396379 -0.416064 0.00174564
914 -0.366949 -0.41601 0.00174455
915 -0.402855 -0.415996 0.00174271
916 -0.403304 -0.415982 0.00174086
917 -0.433029 -0.416 0.00173906
918 -0.469363 -0.416059 0.00173814
919 -0.411294 -0.416053 0.00173625
920 -0.410183 -0.416047 0.00173438
921 -0.467367 -0.416103 0.00173339
922 -0.461554 -0.416152 0.00173221
923 -0.437693 -0.416175 0.00173049
924 -0.435035 -0.416196 0.00172874
925 -0.472881 -0.416257 0.00172795
926 -0.473766 -0.416319 0.0017272
927 -0.501378 -0.416411 0.00172778
928 -0.339412 -0.416328 0.00172791
929 -0.425765 -0.416338 0.00172608
930 -0.396111 -0.416316 0.00172436
931 -0.370408 -0.416267 0.00172321
932 -0.327862 -0.416172 0.00172397
933 -0.342321 -0.416093 0.00172394
934 -0.422939 -0.4161 0.00172211
935 -0.409354 -0.416093 0.00172028
936 -0.350346 -0.416023 0.00171988
937 -0.373717 -0.415978 0.00171863
938 -0.383094 -0.415943 0.00171716
939 -0.392759 -0.415918 0.00171551
940 -0.392909 -0.415894 0.00171386
941 -0.31957 -0.415791 0.00171509
942 -0.332397 -0.415703 0.00171555
943 -0.314038 -0.415595 0.00171712
944 -0.408321 -0.415587 0.00171532
945 -0.423398 -0.415595 0.00171352
946 -0.411956 -0.415592 0.00171171
947 -0.461705 -0.41564 0.0017106
948 -0.489929 -0.415719 0.00171059
949 -0.459351 -0.415765 0.0017094
950 -0.454637 -0.415806 0.00170809
951 -0.477848 -0.415871 0.00170754
952 -0.437688 -0.415894 0.0017059
953 -0.441066 -0.41592 0.00170432
954 -0.473134 -0.41598 0.00170359
955 -0.343833 -0.415905 0.00170348
956 -0.368451 -0.415855 0.00170242
957 -0.450899 -0.415892 0.00170103
958 -0.422425 -0.415898 0.00169927
959 -0.419999 -0.415903 0.0016975
960 -0.390285 -0.415876 0.00169594
961 -0.465499 -0.415928 0.00169497
962 -0.44063 -0.415953 0.0016934
963 -0.396267 -0.415933 0.00169176
964 -0.421891 -0.415939 0.00169002
965 -0.396766 -0.415919 0.00168839
966 -0.422773 -0.415926 0.00168665
967 -0.370996 -0.41588 0.00168555
968 -0.384921 -0.415848 0.00168411
969 -0.40043 -0.415832 0.00168245
970 -0.394785 -0.41581 0.00168085
971 -0.402524 -0.415796 0.00167918
972 -0.406362 -0.415787 0.00167748
973 -0.446028 -0.415818 0.00167604
974 -0.458834 -0.415862 0.0016749
975 -0.432044 -0.415879 0.00167327
976 -0.450657 -0.415914 0.00167193
977 -0.48552 -0.415985 0.00167174
978 -0.406676 -0.415976 0.00167006
979 -0.374943 -0.415934 0.00166888
980 -0.460744 -0.41598 0.0016678
981 -0.384303 -0.415947 0.00166641
982 -0.402266 -0.415934 0.00166477
983 -0.429877 -0.415948 0.00166314
984 -0.48561 -0.416019 0.00166296
985 -0.477593 -0.416081 0.00166244
986 -0.438112 -0.416103 0.00166091
987 -0.36456 -0.416051 0.00166004
988 -0.313482 -0.415947 0.00166161
989 -0.391772 -0.415923 0.00166011
990 -0.370663 -0.415877 0.00165906
991 -0.351754 -0.415812 0.00165865
992 -0.364001 -0.41576 0.0016578
993 -0.399477 -0.415744 0.00165621
994 -0.423212 -0.415751 0.00165456
995 -0.425276 -0.415761 0.00165292
996 -0.464126 -0.415809 0.00165198
997 -0.460721 -0.415855 0.00165093
998 -0.430043 -0.415869 0.00164934
999 -0.336477 -0.415789 0.0016496
1000 -0.3693 -0.415743 0.00164861
