1 0.131283 0.131283 0
2 0.125688 0.128485 0.0027974
3 0.131869 0.129613 0.00196995
4 0.131525 0.130091 0.00147266
5 0.129804 0.130034 0.00114216
6 0.128886 0.129843 0.000951986
7 0.129432 0.129784 0.000806714
8 0.12932 0.129726 0.000701032
9 0.129598 0.129712 0.000618416
10 0.131606 0.129901 0.000584679
11 0.130044 0.129914 0.000529022
12 0.125507 0.129547 0.000606706
13 0.128162 0.12944 0.000568171
14 0.128762 0.129392 0.000528254
15 0.128814 0.129353 0.000493282
16 0.129296 0.12935 0.000461437
17 0.129555 0.129362 0.000433613
18 0.128712 0.129326 0.000410408
19 0.128131 0.129263 0.000393268
20 0.129741 0.129287 0.000373853
