1 0.120553961 0.120553961 0
2 0.119583331 0.120068646 0.000485315107
3 0.121464873 0.120534055 0.00054324543
4 0.120979999 0.120645541 0.000399983649
5 0.121145625 0.120745558 0.000325569533
6 0.120546126 0.120712319 0.000267896423
7 0.122560182 0.1209763 0.000347777075
8 0.121429847 0.121032993 0.000306473187
9 0.121057432 0.121035709 0.000270297586
10 0.121405324 0.12107267 0.000244570609
11 0.122253428 0.121180012 0.000245889377
12 0.119719761 0.121058324 0.000255328267
13 0.120745405 0.121034253 0.000236098078
14 0.121360559 0.121057561 0.000219823471
15 0.120657971 0.121030922 0.000206371098
16 0.121640892 0.121069045 0.000196770866
17 0.120755721 0.121050614 0.000185750691
18 0.121275836 0.121063126 0.000175573846
19 0.121623732 0.121092632 0.000168676888
20 0.120564568 0.121066229 0.000162184561
