1 -0.35587 -0.35587 0
2 -0.354626 -0.355248 0.00062188
3 -0.357495 -0.355997 0.000830417
4 -0.357085 -0.356269 0.000647121
5 -0.356578 -0.356331 0.000505064
6 -0.355316 -0.356162 0.000445702
7 -0.355581 -0.356079 0.000385727
8 -0.355503 -0.356007 0.000341708
9 -0.356565 -0.356069 0.000307677
10 -0.356364 -0.356098 0.000276769
11 -0.357081 -0.356188 0.000265803
12 -0.354014 -0.356007 0.000302789
13 -0.355537 -0.35597 0.000280857
14 -0.355543 -0.35594 0.000261812
15 -0.355424 -0.355906 0.000246144
16 -0.355972 -0.35591 0.000230284
17 -0.355433 -0.355882 0.000218121
18 -0.355476 -0.355859 0.000206878
19 -0.354753 -0.355801 0.000204171
20 -0.355715 -0.355797 0.000193741
