1 0.919299 0.919299 0
2 0.896723 0.908011 0.0112881
3 0.928161 0.914727 0.00935882
4 0.917787 0.915492 0.00666175
5 0.913973 0.915189 0.00516911
6 0.904643 0.913431 0.00457187
7 0.916962 0.913935 0.00389672
8 0.91641 0.914245 0.00338881
9 0.912901 0.914095 0.00299238
10 0.925271 0.915213 0.00290043
11 0.926563 0.916245 0.00281914
12 0.886455 0.913762 0.00357572
13 0.909607 0.913443 0.00330468
14 0.908075 0.913059 0.00308347
15 0.904247 0.912472 0.00293005
16 0.909043 0.912258 0.00274918
17 0.912509 0.912272 0.00258245
18 0.904946 0.911865 0.00246854
19 0.906197 0.911567 0.00235398
20 0.916069 0.911792 0.0022445
