1 0.28 0.28 0
2 0.28 0.28 0
3 0.36 0.306667 0.0266667
4 0.36 0.32 0.023094
5 0.4 0.336 0.024
6 0.56 0.373333 0.0421637
7 0.48 0.388571 0.0387562
8 0.4 0.39 0.0335942
9 0.28 0.377778 0.0320493
10 0.28 0.368 0.0302875
11 0.32 0.363636 0.0277414
12 0.36 0.363333 0.0253262
13 0.28 0.356923 0.0241625
14 0.32 0.354286 0.0225251
15 0.44 0.36 0.0217343
16 0.48 0.3675 0.0216699
17 0.44 0.371765 0.0207973
18 0.48 0.377778 0.0205091
19 0.44 0.381053 0.0196742
20 0.36 0.38 0.0186942
21 0.36 0.379048 0.0178072
22 0.32 0.376364 0.0171894
23 0.16 0.366957 0.0189281
24 0.16 0.358333 0.0200693
25 0.24 0.3536 0.0198232
26 0.32 0.352308 0.0190893
27 0.44 0.355556 0.0186536
28 0.48 0.36 0.0185164
29 0.48 0.364138 0.0183394
30 0.44 0.366667 0.0178971
31 0.44 0.369032 0.0174711
32 0.28 0.36625 0.0171435
33 0.44 0.368485 0.0167655
34 0.44 0.370588 0.0164004
35 0.4 0.371429 0.0159471
36 0.36 0.371111 0.015501
37 0.4 0.371892 0.0150965
38 0.4 0.372632 0.0147124
39 0.4 0.373333 0.0143474
40 0.4 0.374 0.014
41 0.48 0.376585 0.0138969
42 0.48 0.379048 0.0137837
43 0.48 0.381395 0.0136625
44 0.44 0.382727 0.0134147
45 0.44 0.384 0.0131748
46 0.4 0.384348 0.0128899
47 0.52 0.387234 0.0129387
48 0.48 0.389167 0.0128129
49 0.52 0.391837 0.0128296
50 0.56 0.3952 0.0130125
51 0.56 0.398431 0.0131578
52 0.56 0.401538 0.0132711
53 0.6 0.405283 0.0135461
54 0.64 0.40963 0.0139855
55 0.68 0.414545 0.0145824
56 0.64 0.418571 0.0148749
57 0.68 0.423158 0.0153145
58 0.76 0.428966 0.0161299
59 0.76 0.434576 0.0168177
60 0.76 0.44 0.0174019
61 0.84 0.446557 0.0183274
62 0.88 0.453548 0.0193374
63 0.84 0.459683 0.0199923
64 0.84 0.465625 0.0205551
65 0.8 0.470769 0.02088
66 0.8 0.475758 0.0211577
67 0.76 0.48 0.021267
68 0.92 0.486471 0.0219283
69 0.92 0.492754 0.0225031
70 0.92 0.498857 0.0230038
71 1 0.505915 0.0237505
72 1 0.512778 0.0244031
73 1 0.519452 0.0249748
74 1 0.525946 0.0254765
75 1 0.532267 0.0259171
76 1 0.538421 0.0263039
77 1 0.544416 0.0266432
78 1 0.550256 0.0269402
79 1 0.555949 0.0271994
80 1 0.5615 0.0274249
81 1 0.566914 0.0276199
82 1 0.572195 0.0277875
83 1 0.577349 0.0279304
84 1 0.582381 0.0280509
85 1 0.587294 0.0281509
86 1 0.592093 0.0282325
87 1 0.596782 0.0282973
88 1 0.601364 0.0283466
89 1 0.605843 0.028382
90 1 0.610222 0.0284045
91 1 0.614505 0.0284153
92 1 0.618696 0.0284154
93 1 0.622796 0.0284056
94 1 0.626809 0.0283869
95 1 0.630737 0.0283599
96 1 0.634583 0.0283253
97 1 0.638351 0.0282838
98 1 0.642041 0.0282359
99 1 0.645657 0.0281821
100 1 0.6492 0.028123
101 1 0.652673 0.028059
102 1 0.656078 0.0279904
103 1 0.659417 0.0279177
104 1 0.662692 0.0278412
105 1 0.665905 0.0277613
106 1 0.669057 0.0276782
107 1 0.67215 0.0275922
108 1 0.675185 0.0275036
109 1 0.678165 0.0274125
110 1 0.681091 0.0273193
111 1 0.683964 0.0272241
112 1 0.686786 0.0271271
113 1 0.689558 0.0270285
114 1 0.692281 0.0269284
115 1 0.694957 0.026827
116 1 0.697586 0.0267244
117 1 0.700171 0.0266208
118 1 0.702712 0.0265162
119 1 0.70521 0.0264109
120 1 0.707667 0.0263048
121 1 0.710083 0.0261981
122 1 0.712459 0.026091
123 1 0.714797 0.0259834
124 1 0.717097 0.0258754
125 1 0.71936 0.0257671
126 1 0.721587 0.0256587
127 1 0.72378 0.02555
128 1 0.725938 0.0254413
129 1 0.728062 0.0253326
130 1 0.730154 0.0252239
131 1 0.732214 0.0251152
132 1 0.734242 0.0250066
133 1 0.736241 0.0248982
134 1 0.738209 0.02479
135 1 0.740148 0.0246819
136 1 0.742059 0.0245742
137 1 0.743942 0.0244667
138 1 0.745797 0.0243595
139 1 0.747626 0.0242527
140 1 0.749429 0.0241462
141 1 0.751206 0.0240401
142 1 0.752958 0.0239344
143 1 0.754685 0.0238292
144 1 0.756389 0.0237244
145 1 0.758069 0.02362
146 1 0.759726 0.0235161
147 1 0.761361 0.0234127
148 1 0.762973 0.0233098
149 1 0.764564 0.0232075
150 1 0.766133 0.0231056
151 1 0.767682 0.0230043
152 1 0.769211 0.0229035
153 1 0.770719 0.0228032
154 1 0.772208 0.0227035
155 1 0.773677 0.0226044
156 1 0.775128 0.0225059
157 1 0.776561 0.0224079
158 1 0.777975 0.0223105
159 1 0.779371 0.0222136
160 1 0.78075 0.0221174
161 1 0.782112 0.0220217
162 1 0.783457 0.0219267
163 1 0.784785 0.0218322
164 1 0.786098 0.0217383
165 1 0.787394 0.021645
166 1 0.788675 0.0215523
167 1 0.78994 0.0214602
168 1 0.79119 0.0213687
169 1 0.792426 0.0212778
170 1 0.793647 0.0211875
171 1 0.794854 0.0210977
172 1 0.796047 0.0210086
173 1 0.797225 0.02092
174 1 0.798391 0.0208321
175 1 0.799543 0.0207447
176 1 0.800682 0.0206579
177 1 0.801808 0.0205717
178 1 0.802921 0.0204861
179 1 0.804022 0.0204011
180 1 0.805111 0.0203166
181 1 0.806188 0.0202327
182 1 0.807253 0.0201494
183 1 0.808306 0.0200667
184 1 0.809348 0.0199845
185 1 0.810378 0.0199029
186 1 0.811398 0.0198218
187 1 0.812406 0.0197413
188 1 0.813404 0.0196614
189 1 0.814392 0.019582
190 1 0.815368 0.0195031
191 1 0.816335 0.0194248
192 1 0.817292 0.019347
193 1 0.818238 0.0192698
194 1 0.819175 0.0191931
195 1 0.820103 0.0191169
196 1 0.82102 0.0190413
197 1 0.821929 0.0189661
198 1 0.822828 0.0188915
199 1 0.823719 0.0188174
200 1 0.8246 0.0187438
201 1 0.825473 0.0186707
202 1 0.826337 0.0185982
203 1 0.827192 0.0185261
204 1 0.828039 0.0184545
205 1 0.828878 0.0183834
206 1 0.829709 0.0183128
207 1 0.830531 0.0182427
208 1 0.831346 0.018173
209 1 0.832153 0.0181039
210 1 0.832952 0.0180352
211 1 0.833744 0.0179669
212 1 0.834528 0.0178992
213 1 0.835305 0.0178319
214 1 0.836075 0.017765
215 1 0.836837 0.0176986
216 1 0.837593 0.0176327
217 1 0.838341 0.0175672
218 1 0.839083 0.0175021
219 1 0.839817 0.0174375
220 1 0.840545 0.0173734
221 1 0.841267 0.0173096
222 1 0.841982 0.0172463
223 1 0.842691 0.0171834
224 1 0.843393 0.0171209
225 1 0.844089 0.0170589
226 1 0.844779 0.0169972
227 1 0.845463 0.016936
228 1 0.84614 0.0168752
229 1 0.846812 0.0168147
230 1 0.847478 0.0167547
231 1 0.848139 0.0166951
232 1 0.848793 0.0166358
233 1 0.849442 0.016577
234 1 0.850085 0.0165185
235 1 0.850723 0.0164605
236 1 0.851356 0.0164028
237 1 0.851983 0.0163455
238 1 0.852605 0.0162885
239 1 0.853222 0.0162319
240 1 0.853833 0.0161757
241 1 0.85444 0.0161199
242 1 0.855041 0.0160644
243 1 0.855638 0.0160093
244 1 0.85623 0.0159545
245 1 0.856816 0.0159001
246 1 0.857398 0.015846
247 1 0.857976 0.0157923
248 1 0.858548 0.0157389
249 1 0.859116 0.0156858
250 1 0.85968 0.0156331
251 1 0.860239 0.0155808
252 1 0.860794 0.0155287
253 1 0.861344 0.015477
254 1 0.86189 0.0154256
255 1 0.862431 0.0153745
256 1 0.862969 0.0153238
257 1 0.863502 0.0152734
258 1 0.864031 0.0152232
259 1 0.864556 0.0151734
260 1 0.865077 0.0151239
261 1 0.865594 0.0150747
262 1 0.866107 0.0150259
263 1 0.866616 0.0149773
264 1 0.867121 0.014929
265 1 0.867623 0.014881
266 1 0.86812 0.0148333
267 1 0.868614 0.0147859
268 1 0.869104 0.0147388
269 1 0.869591 0.0146919
270 1 0.870074 0.0146454
271 1 0.870554 0.0145991
272 1 0.871029 0.0145531
273 1 0.871502 0.0145074
274 1 0.871971 0.014462
275 1 0.872436 0.0144168
276 1 0.872899 0.0143719
277 1 0.873357 0.0143273
278 1 0.873813 0.0142829
279 1 0.874265 0.0142388
280 1 0.874714 0.014195
281 1 0.87516 0.0141514
282 1 0.875603 0.0141081
283 1 0.876042 0.014065
284 1 0.876479 0.0140222
285 1 0.876912 0.0139796
286 1 0.877343 0.0139373
287 1 0.87777 0.0138952
288 1 0.878194 0.0138534
289 1 0.878616 0.0138118
290 1 0.879034 0.0137705
291 1 0.87945 0.0137294
292 1 0.879863 0.0136885
293 1 0.880273 0.0136478
294 1 0.88068 0.0136074
295 1 0.881085 0.0135673
296 1 0.881486 0.0135273
297 1 0.881886 0.0134876
298 1 0.882282 0.0134481
299 1 0.882676 0.0134088
300 1 0.883067 0.0133698
301 1 0.883455 0.013331
302 1 0.883841 0.0132923
303 1 0.884224 0.0132539
304 1 0.884605 0.0132158
305 1 0.884984 0.0131778
306 1 0.885359 0.01314
307 1 0.885733 0.0131025
308 1 0.886104 0.0130651
309 1 0.886472 0.013028
310 1 0.886839 0.0129911
311 1 0.887203 0.0129544
312 1 0.887564 0.0129178
313 1 0.887923 0.0128815
314 1 0.88828 0.0128454
315 1 0.888635 0.0128094
316 1 0.888987 0.0127737
317 1 0.889338 0.0127382
318 1 0.889686 0.0127028
319 1 0.890031 0.0126676
320 1 0.890375 0.0126327
321 1 0.890717 0.0125979
322 1 0.891056 0.0125633
323 1 0.891393 0.0125289
324 1 0.891728 0.0124946
325 1 0.892062 0.0124606
326 1 0.892393 0.0124267
327 1 0.892722 0.012393
328 1 0.893049 0.0123595
329 1 0.893374 0.0123262
330 1 0.893697 0.012293
331 1 0.894018 0.01226
332 1 0.894337 0.0122272
333 1 0.894655 0.0121946
334 1 0.89497 0.0121621
335 1 0.895284 0.0121298
336 1 0.895595 0.0120976
337 1 0.895905 0.0120657
338 1 0.896213 0.0120339
339 1 0.896519 0.0120022
340 1 0.896824 0.0119707
341 1 0.897126 0.0119394
342 1 0.897427 0.0119082
343 1 0.897726 0.0118772
344 1 0.898023 0.0118464
345 1 0.898319 0.0118157
346 1 0.898613 0.0117852
347 1 0.898905 0.0117548
348 1 0.899195 0.0117246
349 1 0.899484 0.0116945
350 1 0.899771 0.0116646
351 1 0.900057 0.0116348
352 1 0.900341 0.0116052
353 1 0.900623 0.0115757
354 1 0.900904 0.0115464
355 1 0.901183 0.0115172
356 1 0.901461 0.0114881
357 1 0.901737 0.0114592
358 1 0.902011 0.0114305
359 1 0.902284 0.0114018
360 1 0.902556 0.0113734
361 1 0.902825 0.011345
362 1 0.903094 0.0113168
363 1 0.903361 0.0112888
364 1 0.903626 0.0112608
365 1 0.90389 0.0112331
366 1 0.904153 0.0112054
367 1 0.904414 0.0111779
368 1 0.904674 0.0111505
369 1 0.904932 0.0111232
370 1 0.905189 0.0110961
371 1 0.905445 0.0110691
372 1 0.905699 0.0110422
373 1 0.905952 0.0110155
374 1 0.906203 0.0109889
375 1 0.906453 0.0109624
376 1 0.906702 0.010936
377 1 0.90695 0.0109098
378 1 0.907196 0.0108837
379 1 0.907441 0.0108577
380 1 0.907684 0.0108318
381 1 0.907927 0.010806
382 1 0.908168 0.0107804
383 1 0.908407 0.0107549
384 1 0.908646 0.0107295
385 1 0.908883 0.0107042
386 1 0.909119 0.0106791
387 1 0.909354 0.010654
388 1 0.909588 0.0106291
389 1 0.90982 0.0106043
390 1 0.910051 0.0105796
391 1 0.910281 0.010555
392 1 0.91051 0.0105305
393 1 0.910738 0.0105062
394 1 0.910964 0.0104819
395 1 0.91119 0.0104578
396 1 0.911414 0.0104338
397 1 0.911637 0.0104098
398 1 0.911859 0.010386
399 1 0.91208 0.0103623
400 1 0.9123 0.0103387
401 1 0.912519 0.0103152
402 1 0.912736 0.0102918
403 1 0.912953 0.0102685
404 1 0.913168 0.0102454
405 1 0.913383 0.0102223
406 1 0.913596 0.0101993
407 1 0.913808 0.0101764
408 1 0.91402 0.0101536
409 1 0.91423 0.010131
410 1 0.914439 0.0101084
411 1 0.914647 0.0100859
412 1 0.914854 0.0100635
413 1 0.915061 0.0100413
414 1 0.915266 0.0100191
415 1 0.91547 0.009997
416 1 0.915673 0.00997501
417 1 0.915875 0.00995311
418 1 0.916077 0.00993131
419 1 0.916277 0.0099096
420 1 0.916476 0.00988799
421 1 0.916675 0.00986647
422 1 0.916872 0.00984504
423 1 0.917069 0.00982371
424 1 0.917264 0.00980246
425 1 0.917459 0.00978131
426 1 0.917653 0.00976024
427 1 0.917845 0.00973927
428 1 0.918037 0.00971838
429 1 0.918228 0.00969759
430 1 0.918419 0.00967688
431 1 0.918608 0.00965625
432 1 0.918796 0.00963572
433 1 0.918984 0.00961527
434 1 0.919171 0.0095949
435 1 0.919356 0.00957462
436 1 0.919541 0.00955443
437 1 0.919725 0.00953432
438 1 0.919909 0.00951429
439 1 0.920091 0.00949434
440 1 0.920273 0.00947448
441 1 0.920454 0.0094547
442 1 0.920633 0.009435
443 1 0.920813 0.00941539
444 1 0.920991 0.00939585
445 1 0.921169 0.00937639
446 1 0.921345 0.00935702
447 1 0.921521 0.00933772
448 1 0.921696 0.0093185
449 1 0.921871 0.00929936
450 1 0.922044 0.00928029
451 1 0.922217 0.00926131
452 1 0.922389 0.0092424
453 1 0.922561 0.00922356
454 1 0.922731 0.0092048
455 1 0.922901 0.00918612
456 1 0.92307 0.00916751
457 1 0.923239 0.00914898
458 1 0.923406 0.00913052
459 1 0.923573 0.00911213
460 1 0.923739 0.00909382
461 1 0.923905 0.00907558
462 1 0.924069 0.00905741
463 1 0.924233 0.00903932
464 1 0.924397 0.00902129
465 1 0.924559 0.00900334
466 1 0.924721 0.00898546
467 1 0.924882 0.00896764
468 1 0.925043 0.0089499
469 1 0.925203 0.00893223
470 1 0.925362 0.00891462
471 1 0.92552 0.00889709
472 1 0.925678 0.00887962
473 1 0.925835 0.00886222
474 1 0.925992 0.00884489
475 1 0.926147 0.00882762
476 1 0.926303 0.00881042
477 1 0.926457 0.00879329
478 1 0.926611 0.00877623
479 1 0.926764 0.00875922
480 1 0.926917 0.00874229
481 1 0.927069 0.00872542
482 1 0.92722 0.00870861
483 1 0.927371 0.00869187
484 1 0.927521 0.00867519
485 1 0.92767 0.00865857
486 1 0.927819 0.00864202
487 1 0.927967 0.00862553
488 1 0.928115 0.0086091
489 1 0.928262 0.00859274
490 1 0.928408 0.00857643
491 1 0.928554 0.00856019
492 1 0.928699 0.00854401
493 1 0.928844 0.00852788
494 1 0.928988 0.00851182
495 1 0.929131 0.00849582
496 1 0.929274 0.00847988
497 1 0.929416 0.008464
498 1 0.929558 0.00844817
499 1 0.929699 0.00843241
500 1 0.92984 0.0084167
501 1 0.92998 0.00840105
502 1 0.93012 0.00838546
503 1 0.930258 0.00836992
504 1 0.930397 0.00835445
505 1 0.930535 0.00833903
506 1 0.930672 0.00832366
507 1 0.930809 0.00830835
508 1 0.930945 0.0082931
509 1 0.931081 0.0082779
510 1 0.931216 0.00826276
511 1 0.93135 0.00824767
512 1 0.931484 0.00823264
513 1 0.931618 0.00821766
514 1 0.931751 0.00820274
515 1 0.931883 0.00818787
516 1 0.932016 0.00817305
517 1 0.932147 0.00815829
518 1 0.932278 0.00814358
519 1 0.932408 0.00812892
520 1 0.932538 0.00811431
521 1 0.932668 0.00809976
522 1 0.932797 0.00808525
523 1 0.932925 0.0080708
524 1 0.933053 0.0080564
525 1 0.933181 0.00804205
526 1 0.933308 0.00802775
527 1 0.933435 0.00801351
528 1 0.933561 0.00799931
529 1 0.933686 0.00798516
530 1 0.933811 0.00797106
531 1 0.933936 0.00795701
532 1 0.93406 0.00794301
533 1 0.934184 0.00792906
534 1 0.934307 0.00791516
535 1 0.93443 0.0079013
536 1 0.934552 0.0078875
537 1 0.934674 0.00787374
538 1 0.934796 0.00786003
539 1 0.934917 0.00784637
540 1 0.935037 0.00783275
541 1 0.935157 0.00781918
542 1 0.935277 0.00780566
543 1 0.935396 0.00779218
544 1 0.935515 0.00777875
545 1 0.935633 0.00776536
546 1 0.935751 0.00775203
547 1 0.935868 0.00773873
548 1 0.935985 0.00772548
549 1 0.936102 0.00771228
550 1 0.936218 0.00769912
551 1 0.936334 0.00768601
552 1 0.936449 0.00767294
553 1 0.936564 0.00765991
554 1 0.936679 0.00764693
555 1 0.936793 0.00763399
556 1 0.936906 0.0076211
557 1 0.93702 0.00760825
558 1 0.937133 0.00759544
559 1 0.937245 0.00758267
560 1 0.937357 0.00756995
561 1 0.937469 0.00755727
562 1 0.93758 0.00754463
563 1 0.937691 0.00753203
564 1 0.937801 0.00751948
565 1 0.937912 0.00750697
566 1 0.938021 0.00749449
567 1 0.938131 0.00748206
568 1 0.938239 0.00746967
569 1 0.938348 0.00745732
570 1 0.938456 0.00744501
571 1 0.938564 0.00743275
572 1 0.938671 0.00742052
573 1 0.938778 0.00740833
574 1 0.938885 0.00739618
575 1 0.938991 0.00738407
576 1 0.939097 0.007372
577 1 0.939203 0.00735997
578 1 0.939308 0.00734798
579 1 0.939413 0.00733603
580 1 0.939517 0.00732411
581 1 0.939621 0.00731224
582 1 0.939725 0.0073004
583 1 0.939828 0.0072886
584 1 0.939932 0.00727684
585 1 0.940034 0.00726511
586 1 0.940137 0.00725343
587 1 0.940239 0.00724178
588 1 0.94034 0.00723017
589 1 0.940441 0.00721859
590 1 0.940542 0.00720705
591 1 0.940643 0.00719555
592 1 0.940743 0.00718409
593 1 0.940843 0.00717266
594 1 0.940943 0.00716126
595 1 0.941042 0.00714991
596 1 0.941141 0.00713859
597 1 0.94124 0.0071273
598 1 0.941338 0.00711605
599 1 0.941436 0.00710484
600 1 0.941533 0.00709366
601 1 0.941631 0.00708251
602 1 0.941728 0.0070714
603 1 0.941824 0.00706033
604 1 0.941921 0.00704928
605 1 0.942017 0.00703828
606 1 0.942112 0.00702731
607 1 0.942208 0.00701637
608 1 0.942303 0.00700546
609 1 0.942397 0.00699459
610 1 0.942492 0.00698375
611 1 0.942586 0.00697295
612 1 0.94268 0.00696218
613 1 0.942773 0.00695144
614 1 0.942866 0.00694074
615 1 0.942959 0.00693006
616 1 0.943052 0.00691942
617 1 0.943144 0.00690882
618 1 0.943236 0.00689824
619 1 0.943328 0.0068877
620 1 0.943419 0.00687719
621 1 0.94351 0.00686671
622 1 0.943601 0.00685626
623 1 0.943692 0.00684585
624 1 0.943782 0.00683546
625 1 0.943872 0.00682511
626 1 0.943962 0.00681479
627 1 0.944051 0.0068045
628 1 0.94414 0.00679424
629 1 0.944229 0.00678401
630 1 0.944317 0.00677381
631 1 0.944406 0.00676364
632 1 0.944494 0.00675351
633 1 0.944581 0.0067434
634 1 0.944669 0.00673332
635 1 0.944756 0.00672327
636 1 0.944843 0.00671326
637 1 0.944929 0.00670327
638 1 0.945016 0.00669331
639 1 0.945102 0.00668338
640 1 0.945188 0.00667348
641 1 0.945273 0.00666361
642 1 0.945358 0.00665377
643 1 0.945443 0.00664396
644 1 0.945528 0.00663417
645 1 0.945612 0.00662442
646 1 0.945697 0.00661469
647 1 0.945781 0.00660499
648 1 0.945864 0.00659532
649 1 0.945948 0.00658568
650 1 0.946031 0.00657607
651 1 0.946114 0.00656648
652 1 0.946196 0.00655692
653 1 0.946279 0.00654739
654 1 0.946361 0.00653789
655 1 0.946443 0.00652841
656 1 0.946524 0.00651897
657 1 0.946606 0.00650954
658 1 0.946687 0.00650015
659 1 0.946768 0.00649078
660 1 0.946848 0.00648144
661 1 0.946929 0.00647213
662 1 0.947009 0.00646284
663 1 0.947089 0.00645358
664 1 0.947169 0.00644435
665 1 0.947248 0.00643514
666 1 0.947327 0.00642596
667 1 0.947406 0.00641681
668 1 0.947485 0.00640768
669 1 0.947564 0.00639857
670 1 0.947642 0.00638949
671 1 0.94772 0.00638044
672 1 0.947798 0.00637141
673 1 0.947875 0.00636241
674 1 0.947953 0.00635344
675 1 0.94803 0.00634449
676 1 0.948107 0.00633556
677 1 0.948183 0.00632666
678 1 0.94826 0.00631778
679 1 0.948336 0.00630893
680 1 0.948412 0.00630011
681 1 0.948488 0.0062913
682 1 0.948563 0.00628253
683 1 0.948638 0.00627377
684 1 0.948713 0.00626504
685 1 0.948788 0.00625634
686 1 0.948863 0.00624766
687 1 0.948937 0.006239
688 1 0.949012 0.00623037
689 1 0.949086 0.00622176
690 1 0.949159 0.00621318
691 1 0.949233 0.00620461
692 1 0.949306 0.00619608
693 1 0.94938 0.00618756
694 1 0.949452 0.00617907
695 1 0.949525 0.0061706
696 1 0.949598 0.00616215
697 1 0.94967 0.00615373
698 1 0.949742 0.00614533
699 1 0.949814 0.00613696
700 1 0.949886 0.0061286
701 1 0.949957 0.00612027
702 1 0.950028 0.00611196
703 1 0.9501 0.00610368
704 1 0.95017 0.00609541
705 1 0.950241 0.00608717
706 1 0.950312 0.00607895
707 1 0.950382 0.00607075
708 1 0.950452 0.00606258
709 1 0.950522 0.00605442
710 1 0.950592 0.00604629
711 1 0.950661 0.00603818
712 1 0.95073 0.00603009
713 1 0.950799 0.00602203
714 1 0.950868 0.00601398
715 1 0.950937 0.00600596
716 1 0.951006 0.00599795
717 1 0.951074 0.00598997
718 1 0.951142 0.00598201
719 1 0.95121 0.00597407
720 1 0.951278 0.00596616
721 1 0.951345 0.00595826
722 1 0.951413 0.00595038
723 1 0.95148 0.00594253
724 1 0.951547 0.00593469
725 1 0.951614 0.00592688
726 1 0.95168 0.00591908
727 1 0.951747 0.00591131
728 1 0.951813 0.00590355
729 1 0.951879 0.00589582
730 1 0.951945 0.00588811
731 1 0.952011 0.00588042
732 1 0.952077 0.00587274
733 1 0.952142 0.00586509
734 1 0.952207 0.00585746
735 1 0.952272 0.00584984
736 1 0.952337 0.00584225
737 1 0.952402 0.00583468
738 1 0.952466 0.00582712
739 1 0.95253 0.00581959
740 1 0.952595 0.00581207
741 1 0.952659 0.00580457
742 1 0.952722 0.0057971
743 1 0.952786 0.00578964
744 1 0.952849 0.0057822
745 1 0.952913 0.00577478
746 1 0.952976 0.00576738
747 1 0.953039 0.00576
748 1 0.953102 0.00575263
749 1 0.953164 0.00574529
750 1 0.953227 0.00573796
751 1 0.953289 0.00573066
752 1 0.953351 0.00572337
753 1 0.953413 0.0057161
754 1 0.953475 0.00570885
755 1 0.953536 0.00570161
756 1 0.953598 0.0056944
757 1 0.953659 0.0056872
758 1 0.95372 0.00568002
759 1 0.953781 0.00567286
760 1 0.953842 0.00566572
761 1 0.953903 0.00565859
762 1 0.953963 0.00565149
763 1 0.954024 0.0056444
764 1 0.954084 0.00563733
765 1 0.954144 0.00563027
766 1 0.954204 0.00562324
767 1 0.954263 0.00561622
768 1 0.954323 0.00560922
769 1 0.954382 0.00560223
770 1 0.954442 0.00559527
771 1 0.954501 0.00558832
772 1 0.95456 0.00558138
773 1 0.954618 0.00557447
774 1 0.954677 0.00556757
775 1 0.954735 0.00556069
776 1 0.954794 0.00555383
777 1 0.954852 0.00554698
778 1 0.95491 0.00554015
779 1 0.954968 0.00553333
780 1 0.955026 0.00552654
781 1 0.955083 0.00551976
782 1 0.955141 0.00551299
783 1 0.955198 0.00550625
784 1 0.955255 0.00549951
785 1 0.955312 0.0054928
786 1 0.955369 0.0054861
787 1 0.955426 0.00547942
788 1 0.955482 0.00547275
789 1 0.955539 0.0054661
790 1 0.955595 0.00545947
791 1 0.955651 0.00545285
792 1 0.955707 0.00544625
793 1 0.955763 0.00543967
794 1 0.955819 0.0054331
795 1 0.955874 0.00542654
796 1 0.95593 0.00542001
797 1 0.955985 0.00541348
798 1 0.95604 0.00540698
799 1 0.956095 0.00540049
800 1 0.95615 0.00539401
801 1 0.956205 0.00538755
802 1 0.956259 0.0053811
803 1 0.956314 0.00537468
804 1 0.956368 0.00536826
805 1 0.956422 0.00536186
806 1 0.956476 0.00535548
807 1 0.95653 0.00534911
808 1 0.956584 0.00534276
809 1 0.956638 0.00533642
810 1 0.956691 0.0053301
811 1 0.956745 0.00532379
812 1 0.956798 0.00531749
813 1 0.956851 0.00531121
814 1 0.956904 0.00530495
815 1 0.956957 0.0052987
816 1 0.95701 0.00529247
817 1 0.957062 0.00528625
818 1 0.957115 0.00528004
819 1 0.957167 0.00527385
820 1 0.95722 0.00526767
821 1 0.957272 0.00526151
822 1 0.957324 0.00525536
823 1 0.957375 0.00524923
824 1 0.957427 0.00524311
825 1 0.957479 0.00523701
826 1 0.95753 0.00523092
827 1 0.957582 0.00522484
828 1 0.957633 0.00521878
829 1 0.957684 0.00521273
830 1 0.957735 0.00520669
831 1 0.957786 0.00520067
832 1 0.957837 0.00519467
833 1 0.957887 0.00518867
834 1 0.957938 0.00518269
835 1 0.957988 0.00517673
836 1 0.958038 0.00517078
837 1 0.958088 0.00516484
838 1 0.958138 0.00515891
839 1 0.958188 0.005153
840 1 0.958238 0.00514711
841 1 0.958288 0.00514122
842 1 0.958337 0.00513535
843 1 0.958387 0.00512949
844 1 0.958436 0.00512365
845 1 0.958485 0.00511782
846 1 0.958534 0.005112
847 1 0.958583 0.0051062
848 1 0.958632 0.00510041
849 1 0.958681 0.00509463
850 1 0.958729 0.00508886
851 1 0.958778 0.00508311
852 1 0.958826 0.00507737
853 1 0.958875 0.00507165
854 1 0.958923 0.00506593
855 1 0.958971 0.00506023
856 1 0.959019 0.00505454
857 1 0.959067 0.00504887
858 1 0.959114 0.00504321
859 1 0.959162 0.00503756
860 1 0.959209 0.00503192
861 1 0.959257 0.0050263
862 1 0.959304 0.00502068
863 1 0.959351 0.00501508
864 1 0.959398 0.0050095
865 1 0.959445 0.00500392
866 1 0.959492 0.00499836
867 1 0.959539 0.00499281
868 1 0.959585 0.00498727
869 1 0.959632 0.00498175
870 1 0.959678 0.00497624
871 1 0.959724 0.00497073
872 1 0.959771 0.00496525
873 1 0.959817 0.00495977
874 1 0.959863 0.0049543
875 1 0.959909 0.00494885
876 1 0.959954 0.00494341
877 1 0.96 0.00493798
878 1 0.960046 0.00493257
879 1 0.960091 0.00492716
880 1 0.960136 0.00492177
881 1 0.960182 0.00491639
882 1 0.960227 0.00491102
883 1 0.960272 0.00490566
884 1 0.960317 0.00490031
885 1 0.960362 0.00489498
886 1 0.960406 0.00488965
887 1 0.960451 0.00488434
888 1 0.960495 0.00487904
889 1 0.96054 0.00487375
890 1 0.960584 0.00486847
891 1 0.960629 0.00486321
892 1 0.960673 0.00485795
893 1 0.960717 0.00485271
894 1 0.960761 0.00484748
895 1 0.960804 0.00484226
896 1 0.960848 0.00483705
897 1 0.960892 0.00483185
898 1 0.960935 0.00482666
899 1 0.960979 0.00482149
900 1 0.961022 0.00481632
901 1 0.961065 0.00481117
902 1 0.961109 0.00480603
903 1 0.961152 0.00480089
904 1 0.961195 0.00479577
905 1 0.961238 0.00479066
906 1 0.96128 0.00478556
907 1 0.961323 0.00478047
908 1 0.961366 0.0047754
909 1 0.961408 0.00477033
910 1 0.961451 0.00476527
911 1 0.961493 0.00476023
912 1 0.961535 0.00475519
913 1 0.961577 0.00475017
914 1 0.961619 0.00474515
915 1 0.961661 0.00474015
916 1 0.961703 0.00473516
917 1 0.961745 0.00473018
918 1 0.961786 0.0047252
919 1 0.961828 0.00472024
920 1 0.96187 0.00471529
921 1 0.961911 0.00471035
922 1 0.961952 0.00470542
923 1 0.961993 0.0047005
924 1 0.962035 0.00469559
925 1 0.962076 0.00469069
926 1 0.962117 0.0046858
927 1 0.962157 0.00468092
928 1 0.962198 0.00467605
929 1 0.962239 0.0046712
930 1 0.96228 0.00466635
931 1 0.96232 0.00466151
932 1 0.962361 0.00465668
933 1 0.962401 0.00465186
934 1 0.962441 0.00464705
935 1 0.962481 0.00464225
936 1 0.962521 0.00463746
937 1 0.962561 0.00463268
938 1 0.962601 0.00462791
939 1 0.962641 0.00462316
940 1 0.962681 0.00461841
941 1 0.962721 0.00461367
942 1 0.96276 0.00460893
943 1 0.9628 0.00460421
944 1 0.962839 0.0045995
945 1 0.962878 0.0045948
946 1 0.962918 0.00459011
947 1 0.962957 0.00458543
948 1 0.962996 0.00458075
949 1 0.963035 0.00457609
950 1 0.963074 0.00457144
951 1 0.963113 0.00456679
952 1 0.963151 0.00456216
953 1 0.96319 0.00455753
954 1 0.963229 0.00455292
955 1 0.963267 0.00454831
956 1 0.963305 0.00454371
957 1 0.963344 0.00453912
958 1 0.963382 0.00453454
959 1 0.96342 0.00452997
960 1 0.963458 0.00452541
961 1 0.963496 0.00452086
962 1 0.963534 0.00451632
963 1 0.963572 0.00451179
964 1 0.96361 0.00450726
965 1 0.963648 0.00450275
966 1 0.963685 0.00449824
967 1 0.963723 0.00449374
968 1 0.96376 0.00448925
969 1 0.963798 0.00448477
970 1 0.963835 0.0044803
971 1 0.963872 0.00447584
972 1 0.963909 0.00447139
973 1 0.963947 0.00446695
974 1 0.963984 0.00446251
975 1 0.964021 0.00445808
976 1 0.964057 0.00445367
977 1 0.964094 0.00444926
978 1 0.964131 0.00444486
979 1 0.964168 0.00444047
980 1 0.964204 0.00443608
981 1 0.964241 0.00443171
982 1 0.964277 0.00442735
983 1 0.964313 0.00442299
984 1 0.96435 0.00441864
985 1 0.964386 0.0044143
986 1 0.964422 0.00440997
987 1 0.964458 0.00440565
988 1 0.964494 0.00440133
989 1 0.96453 0.00439703
990 1 0.964566 0.00439273
991 1 0.964601 0.00438844
992 1 0.964637 0.00438416
993 1 0.964673 0.00437989
994 1 0.964708 0.00437562
995 1 0.964744 0.00437137
996 1 0.964779 0.00436712
997 1 0.964814 0.00436288
998 1 0.96485 0.00435865
999 1 0.964885 0.00435442
1000 1 0.96492 0.00435021
