1 -0.08 -0.08 0
2 0.12 0.02 0.1
3 0.52 0.186667 0.176383
4 0.6 0.29 0.161967
5 0.68 0.368 0.147729
6 0.76 0.433333 0.137178
7 0.88 0.497143 0.132336
8 0.96 0.555 0.128383
9 1 0.604444 0.123548
10 1 0.644 0.117371
11 1 0.676364 0.11099
12 1 0.703333 0.104847
13 1 0.726154 0.0991085
14 1 0.745714 0.0938184
15 1 0.762667 0.0889701
16 1 0.7775 0.0845355
17 1 0.790588 0.0804787
18 1 0.802222 0.0767628
19 1 0.812632 0.0733526
20 1 0.822 0.0702162
21 1 0.830476 0.0673246
22 1 0.838182 0.0646524
23 1 0.845217 0.0621768
24 1 0.851667 0.0598781
25 1 0.8576 0.0577387
26 1 0.863077 0.0557433
27 1 0.868148 0.0538782
28 1 0.872857 0.0521314
29 1 0.877241 0.0504924
30 1 0.881333 0.0489516
31 1 0.885161 0.0475007
32 1 0.88875 0.0461322
33 1 0.892121 0.0448393
34 1 0.895294 0.043616
35 1 0.898286 0.0424571
36 1 0.901111 0.0413575
37 1 0.903784 0.0403129
38 1 0.906316 0.0393193
39 1 0.908718 0.0383731
40 1 0.911 0.037471
41 1 0.913171 0.0366101
42 1 0.915238 0.0357875
43 1 0.917209 0.0350009
44 1 0.919091 0.0342479
45 1 0.920889 0.0335264
46 1 0.922609 0.0328346
47 1 0.924255 0.0321705
48 1 0.925833 0.0315327
49 1 0.927347 0.0309195
50 1 0.9288 0.0303297
51 1 0.930196 0.0297618
52 1 0.931538 0.0292147
53 1 0.93283 0.0286873
54 1 0.934074 0.0281785
55 1 0.935273 0.0276874
56 1 0.936429 0.027213
57 1 0.937544 0.0267546
58 1 0.938621 0.0263113
59 1 0.939661 0.0258824
60 1 0.940667 0.0254672
61 1 0.941639 0.0250651
62 1 0.942581 0.0246755
63 1 0.943492 0.0242978
64 1 0.944375 0.0239314
65 1 0.945231 0.0235759
66 1 0.946061 0.0232308
67 1 0.946866 0.0228956
68 1 0.947647 0.0225699
69 1 0.948406 0.0222533
70 1 0.949143 0.0219455
71 1 0.949859 0.021646
72 1 0.950556 0.0213546
73 1 0.951233 0.021071
74 1 0.951892 0.0207947
75 1 0.952533 0.0205256
76 1 0.953158 0.0202634
77 1 0.953766 0.0200077
78 1 0.954359 0.0197584
79 1 0.954937 0.0195153
80 1 0.9555 0.019278
81 1 0.956049 0.0190465
82 1 0.956585 0.0188204
83 1 0.957108 0.0185996
84 1 0.957619 0.0183839
85 1 0.958118 0.0181732
86 1 0.958605 0.0179673
87 1 0.95908 0.0177659
88 1 0.959545 0.017569
89 1 0.96 0.0173764
90 1 0.960444 0.017188
91 1 0.960879 0.0170037
92 1 0.961304 0.0168232
93 1 0.96172 0.0166465
94 1 0.962128 0.0164735
95 1 0.962526 0.0163041
96 1 0.962917 0.0161381
97 1 0.963299 0.0159754
98 1 0.963673 0.015816
99 1 0.96404 0.0156597
100 1 0.9644 0.0155065
101 1 0.964752 0.0153562
102 1 0.965098 0.0152089
103 1 0.965437 0.0150643
104 1 0.965769 0.0149224
105 1 0.966095 0.0147832
106 1 0.966415 0.0146466
107 1 0.966729 0.0145125
108 1 0.967037 0.0143808
109 1 0.967339 0.0142514
110 1 0.967636 0.0141244
111 1 0.967928 0.0139996
112 1 0.968214 0.013877
113 1 0.968496 0.0137565
114 1 0.968772 0.0136381
115 1 0.969043 0.0135217
116 1 0.96931 0.0134073
117 1 0.969573 0.0132948
118 1 0.969831 0.0131842
119 1 0.970084 0.0130754
120 1 0.970333 0.0129684
121 1 0.970579 0.0128631
122 1 0.97082 0.0127595
123 1 0.971057 0.0126575
124 1 0.97129 0.0125572
125 1 0.97152 0.0124585
126 1 0.971746 0.0123613
127 1 0.971969 0.0122656
128 1 0.972187 0.0121713
129 1 0.972403 0.0120785
130 1 0.972615 0.0119871
131 1 0.972824 0.0118971
132 1 0.97303 0.0118085
133 1 0.973233 0.0117211
134 1 0.973433 0.011635
135 1 0.97363 0.0115502
136 1 0.973824 0.0114666
137 1 0.974015 0.0113842
138 1 0.974203 0.0113029
139 1 0.974388 0.0112229
140 1 0.974571 0.0111439
141 1 0.974752 0.0110661
142 1 0.97493 0.0109893
143 1 0.975105 0.0109136
144 1 0.975278 0.0108389
145 1 0.975448 0.0107652
146 1 0.975616 0.0106926
147 1 0.975782 0.0106209
148 1 0.975946 0.0105502
149 1 0.976107 0.0104804
150 1 0.976267 0.0104115
151 1 0.976424 0.0103435
152 1 0.976579 0.0102764
153 1 0.976732 0.0102101
154 1 0.976883 0.0101447
155 1 0.977032 0.0100802
156 1 0.977179 0.0100164
157 1 0.977325 0.0099535
158 1 0.977468 0.00989135
159 1 0.97761 0.00982996
160 1 0.97775 0.00976933
161 1 0.977888 0.00970945
162 1 0.978025 0.00965029
163 1 0.97816 0.00959185
164 1 0.978293 0.00953412
165 1 0.978424 0.00947707
166 1 0.978554 0.0094207
167 1 0.978683 0.009365
168 1 0.97881 0.00930996
169 1 0.978935 0.00925555
170 1 0.979059 0.00920178
171 1 0.979181 0.00914863
172 1 0.979302 0.00909609
173 1 0.979422 0.00904415
174 1 0.97954 0.0089928
175 1 0.979657 0.00894203
176 1 0.979773 0.00889183
177 1 0.979887 0.00884219
178 1 0.98 0.0087931
179 1 0.980112 0.00874455
180 1 0.980222 0.00869654
181 1 0.980331 0.00864905
182 1 0.98044 0.00860207
183 1 0.980546 0.00855561
184 1 0.980652 0.00850964
185 1 0.980757 0.00846416
186 1 0.98086 0.00841917
187 1 0.980963 0.00837465
188 1 0.981064 0.0083306
189 1 0.981164 0.00828701
190 1 0.981263 0.00824388
191 1 0.981361 0.00820119
192 1 0.981458 0.00815894
193 1 0.981554 0.00811712
194 1 0.981649 0.00807573
195 1 0.981744 0.00803476
196 1 0.981837 0.00799421
197 1 0.981929 0.00795406
198 1 0.98202 0.00791431
199 1 0.982111 0.00787496
200 1 0.9822 0.00783599
201 1 0.982289 0.00779742
202 1 0.982376 0.00775921
203 1 0.982463 0.00772138
204 1 0.982549 0.00768392
205 1 0.982634 0.00764682
206 1 0.982718 0.00761008
207 1 0.982802 0.00757368
208 1 0.982885 0.00753764
209 1 0.982967 0.00750193
210 1 0.983048 0.00746656
211 1 0.983128 0.00743153
212 1 0.983208 0.00739682
213 1 0.983286 0.00736243
214 1 0.983364 0.00732836
215 1 0.983442 0.00729461
216 1 0.983519 0.00726116
217 1 0.983594 0.00722802
218 1 0.98367 0.00719519
219 1 0.983744 0.00716264
220 1 0.983818 0.00713039
221 1 0.983891 0.00709843
222 1 0.983964 0.00706676
223 1 0.984036 0.00703537
224 1 0.984107 0.00700425
225 1 0.984178 0.00697341
226 1 0.984248 0.00694284
227 1 0.984317 0.00691253
228 1 0.984386 0.00688249
229 1 0.984454 0.00685271
230 1 0.984522 0.00682319
231 1 0.984589 0.00679391
232 1 0.984655 0.00676489
233 1 0.984721 0.00673612
234 1 0.984786 0.00670759
235 1 0.984851 0.0066793
236 1 0.984915 0.00665125
237 1 0.984979 0.00662343
238 1 0.985042 0.00659584
239 1 0.985105 0.00656848
240 1 0.985167 0.00654135
241 1 0.985228 0.00651444
242 1 0.985289 0.00648776
243 1 0.98535 0.00646129
244 1 0.98541 0.00643503
245 1 0.985469 0.00640899
246 1 0.985528 0.00638316
247 1 0.985587 0.00635753
248 1 0.985645 0.00633211
249 1 0.985703 0.00630689
250 1 0.98576 0.00628187
251 1 0.985817 0.00625705
252 1 0.985873 0.00623243
253 1 0.985929 0.006208
254 1 0.985984 0.00618376
255 1 0.986039 0.0061597
256 1 0.986094 0.00613584
257 1 0.986148 0.00611215
258 1 0.986202 0.00608866
259 1 0.986255 0.00606534
260 1 0.986308 0.00604219
261 1 0.98636 0.00601923
262 1 0.986412 0.00599643
263 1 0.986464 0.00597381
264 1 0.986515 0.00595136
265 1 0.986566 0.00592908
266 1 0.986617 0.00590697
267 1 0.986667 0.00588501
268 1 0.986716 0.00586323
269 1 0.986766 0.0058416
270 1 0.986815 0.00582013
271 1 0.986863 0.00579882
272 1 0.986912 0.00577766
273 1 0.98696 0.00575666
274 1 0.987007 0.00573581
275 1 0.987055 0.00571511
276 1 0.987101 0.00569455
277 1 0.987148 0.00567415
278 1 0.987194 0.00565389
279 1 0.98724 0.00563378
280 1 0.987286 0.00561381
281 1 0.987331 0.00559397
282 1 0.987376 0.00557428
283 1 0.98742 0.00555473
284 1 0.987465 0.00553531
285 1 0.987509 0.00551603
286 1 0.987552 0.00549689
287 1 0.987596 0.00547787
288 1 0.987639 0.00545899
289 1 0.987682 0.00544023
290 1 0.987724 0.00542161
291 1 0.987766 0.00540311
292 1 0.987808 0.00538474
293 1 0.98785 0.00536649
294 1 0.987891 0.00534836
295 1 0.987932 0.00533036
296 1 0.987973 0.00531248
297 1 0.988013 0.00529472
298 1 0.988054 0.00527707
299 1 0.988094 0.00525955
300 1 0.988133 0.00524214
301 1 0.988173 0.00522484
302 1 0.988212 0.00520766
303 1 0.988251 0.00519059
304 1 0.988289 0.00517363
305 1 0.988328 0.00515678
306 1 0.988366 0.00514004
307 1 0.988404 0.00512341
308 1 0.988442 0.00510689
309 1 0.988479 0.00509047
310 1 0.988516 0.00507416
311 1 0.988553 0.00505796
312 1 0.98859 0.00504185
313 1 0.988626 0.00502585
314 1 0.988662 0.00500995
315 1 0.988698 0.00499415
316 1 0.988734 0.00497845
317 1 0.98877 0.00496285
318 1 0.988805 0.00494734
319 1 0.98884 0.00493193
320 1 0.988875 0.00491662
321 1 0.98891 0.0049014
322 1 0.988944 0.00488628
323 1 0.988978 0.00487125
324 1 0.989012 0.00485631
325 1 0.989046 0.00484146
326 1 0.98908 0.0048267
327 1 0.989113 0.00481204
328 1 0.989146 0.00479746
329 1 0.989179 0.00478297
330 1 0.989212 0.00476856
331 1 0.989245 0.00475425
332 1 0.989277 0.00474002
333 1 0.989309 0.00472587
334 1 0.989341 0.00471181
335 1 0.989373 0.00469783
336 1 0.989405 0.00468393
337 1 0.989436 0.00467012
338 1 0.989467 0.00465639
339 1 0.989499 0.00464274
340 1 0.989529 0.00462916
341 1 0.98956 0.00461567
342 1 0.989591 0.00460226
343 1 0.989621 0.00458892
344 1 0.989651 0.00457566
345 1 0.989681 0.00456248
346 1 0.989711 0.00454937
347 1 0.989741 0.00453634
348 1 0.98977 0.00452338
349 1 0.989799 0.00451049
350 1 0.989829 0.00449768
351 1 0.989858 0.00448494
352 1 0.989886 0.00447228
353 1 0.989915 0.00445968
354 1 0.989944 0.00444716
355 1 0.989972 0.0044347
356 1 0.99 0.00442232
357 1 0.990028 0.00441
358 1 0.990056 0.00439775
359 1 0.990084 0.00438557
360 1 0.990111 0.00437346
361 1 0.990139 0.00436142
362 1 0.990166 0.00434944
363 1 0.990193 0.00433752
364 1 0.99022 0.00432567
365 1 0.990247 0.00431389
366 1 0.990273 0.00430217
367 1 0.9903 0.00429051
368 1 0.990326 0.00427892
369 1 0.990352 0.00426739
370 1 0.990378 0.00425592
371 1 0.990404 0.00424451
372 1 0.99043 0.00423316
373 1 0.990456 0.00422188
374 1 0.990481 0.00421065
375 1 0.990507 0.00419949
376 1 0.990532 0.00418838
377 1 0.990557 0.00417733
378 1 0.990582 0.00416634
379 1 0.990607 0.0041554
380 1 0.990632 0.00414453
381 1 0.990656 0.00413371
382 1 0.990681 0.00412295
383 1 0.990705 0.00411224
384 1 0.990729 0.00410159
385 1 0.990753 0.00409099
386 1 0.990777 0.00408045
387 1 0.990801 0.00406996
388 1 0.990825 0.00405953
389 1 0.990848 0.00404915
390 1 0.990872 0.00403882
391 1 0.990895 0.00402854
392 1 0.990918 0.00401832
393 1 0.990941 0.00400815
394 1 0.990964 0.00399803
395 1 0.990987 0.00398796
396 1 0.99101 0.00397794
397 1 0.991033 0.00396798
398 1 0.991055 0.00395806
399 1 0.991078 0.00394819
400 1 0.9911 0.00393837
401 1 0.991122 0.0039286
402 1 0.991144 0.00391888
403 1 0.991166 0.0039092
404 1 0.991188 0.00389957
405 1 0.99121 0.00388999
406 1 0.991232 0.00388046
407 1 0.991253 0.00387098
408 1 0.991275 0.00386154
409 1 0.991296 0.00385214
410 1 0.991317 0.00384279
411 1 0.991338 0.00383349
412 1 0.991359 0.00382423
413 1 0.99138 0.00381502
414 1 0.991401 0.00380585
415 1 0.991422 0.00379672
416 1 0.991442 0.00378764
417 1 0.991463 0.0037786
418 1 0.991483 0.00376961
419 1 0.991504 0.00376066
420 1 0.991524 0.00375175
421 1 0.991544 0.00374288
422 1 0.991564 0.00373405
423 1 0.991584 0.00372527
424 1 0.991604 0.00371652
425 1 0.991624 0.00370782
426 1 0.991643 0.00369916
427 1 0.991663 0.00369054
428 1 0.991682 0.00368196
429 1 0.991702 0.00367342
430 1 0.991721 0.00366491
431 1 0.99174 0.00365645
432 1 0.991759 0.00364803
433 1 0.991778 0.00363964
434 1 0.991797 0.0036313
435 1 0.991816 0.00362299
436 1 0.991835 0.00361472
437 1 0.991854 0.00360648
438 1 0.991872 0.00359829
439 1 0.991891 0.00359013
440 1 0.991909 0.00358201
441 1 0.991927 0.00357393
442 1 0.991946 0.00356588
443 1 0.991964 0.00355787
444 1 0.991982 0.00354989
445 1 0.992 0.00354195
446 1 0.992018 0.00353404
447 1 0.992036 0.00352617
448 1 0.992054 0.00351834
449 1 0.992071 0.00351054
450 1 0.992089 0.00350277
451 1 0.992106 0.00349504
452 1 0.992124 0.00348734
453 1 0.992141 0.00347968
454 1 0.992159 0.00347205
455 1 0.992176 0.00346446
456 1 0.992193 0.00345689
457 1 0.99221 0.00344936
458 1 0.992227 0.00344186
459 1 0.992244 0.0034344
460 1 0.992261 0.00342697
461 1 0.992278 0.00341957
462 1 0.992294 0.0034122
463 1 0.992311 0.00340486
464 1 0.992328 0.00339755
465 1 0.992344 0.00339028
466 1 0.992361 0.00338304
467 1 0.992377 0.00337582
468 1 0.992393 0.00336864
469 1 0.992409 0.00336149
470 1 0.992426 0.00335437
471 1 0.992442 0.00334728
472 1 0.992458 0.00334022
473 1 0.992474 0.00333319
474 1 0.992489 0.00332619
475 1 0.992505 0.00331921
476 1 0.992521 0.00331227
477 1 0.992537 0.00330536
478 1 0.992552 0.00329847
479 1 0.992568 0.00329162
480 1 0.992583 0.00328479
481 1 0.992599 0.00327799
482 1 0.992614 0.00327122
483 1 0.992629 0.00326447
484 1 0.992645 0.00325776
485 1 0.99266 0.00325107
486 1 0.992675 0.00324441
487 1 0.99269 0.00323777
488 1 0.992705 0.00323116
489 1 0.99272 0.00322458
490 1 0.992735 0.00321803
491 1 0.992749 0.0032115
492 1 0.992764 0.003205
493 1 0.992779 0.00319853
494 1 0.992794 0.00319208
495 1 0.992808 0.00318566
496 1 0.992823 0.00317926
497 1 0.992837 0.00317289
498 1 0.992851 0.00316655
499 1 0.992866 0.00316023
500 1 0.99288 0.00315393
501 1 0.992894 0.00314767
502 1 0.992908 0.00314142
503 1 0.992922 0.0031352
504 1 0.992937 0.00312901
505 1 0.99295 0.00312283
506 1 0.992964 0.00311669
507 1 0.992978 0.00311057
508 1 0.992992 0.00310447
509 1 0.993006 0.00309839
510 1 0.99302 0.00309234
511 1 0.993033 0.00308631
512 1 0.993047 0.00308031
513 1 0.99306 0.00307433
514 1 0.993074 0.00306837
515 1 0.993087 0.00306244
516 1 0.993101 0.00305653
517 1 0.993114 0.00305064
518 1 0.993127 0.00304477
519 1 0.993141 0.00303893
520 1 0.993154 0.00303311
521 1 0.993167 0.00302731
522 1 0.99318 0.00302153
523 1 0.993193 0.00301578
524 1 0.993206 0.00301005
525 1 0.993219 0.00300433
526 1 0.993232 0.00299865
527 1 0.993245 0.00299298
528 1 0.993258 0.00298733
529 1 0.99327 0.00298171
530 1 0.993283 0.0029761
531 1 0.993296 0.00297052
532 1 0.993308 0.00296496
533 1 0.993321 0.00295941
534 1 0.993333 0.00295389
535 1 0.993346 0.00294839
536 1 0.993358 0.00294291
537 1 0.993371 0.00293746
538 1 0.993383 0.00293202
539 1 0.993395 0.0029266
540 1 0.993407 0.0029212
541 1 0.99342 0.00291582
542 1 0.993432 0.00291046
543 1 0.993444 0.00290512
544 1 0.993456 0.0028998
545 1 0.993468 0.0028945
546 1 0.99348 0.00288922
547 1 0.993492 0.00288396
548 1 0.993504 0.00287871
549 1 0.993515 0.00287349
550 1 0.993527 0.00286828
551 1 0.993539 0.0028631
552 1 0.993551 0.00285793
553 1 0.993562 0.00285278
554 1 0.993574 0.00284765
555 1 0.993586 0.00284254
556 1 0.993597 0.00283744
557 1 0.993609 0.00283237
558 1 0.99362 0.00282731
559 1 0.993631 0.00282227
560 1 0.993643 0.00281725
561 1 0.993654 0.00281225
562 1 0.993665 0.00280726
563 1 0.993677 0.00280229
564 1 0.993688 0.00279734
565 1 0.993699 0.00279241
566 1 0.99371 0.00278749
567 1 0.993721 0.0027826
568 1 0.993732 0.00277771
569 1 0.993743 0.00277285
570 1 0.993754 0.002768
571 1 0.993765 0.00276317
572 1 0.993776 0.00275836
573 1 0.993787 0.00275356
574 1 0.993798 0.00274878
575 1 0.993809 0.00274402
576 1 0.993819 0.00273927
577 1 0.99383 0.00273454
578 1 0.993841 0.00272983
579 1 0.993851 0.00272513
580 1 0.993862 0.00272045
581 1 0.993873 0.00271578
582 1 0.993883 0.00271113
583 1 0.993894 0.0027065
584 1 0.993904 0.00270188
585 1 0.993915 0.00269728
586 1 0.993925 0.00269269
587 1 0.993935 0.00268812
588 1 0.993946 0.00268356
589 1 0.993956 0.00267902
590 1 0.993966 0.0026745
591 1 0.993976 0.00266999
592 1 0.993986 0.00266549
593 1 0.993997 0.00266102
594 1 0.994007 0.00265655
595 1 0.994017 0.0026521
596 1 0.994027 0.00264767
597 1 0.994037 0.00264325
598 1 0.994047 0.00263884
599 1 0.994057 0.00263445
600 1 0.994067 0.00263008
601 1 0.994077 0.00262571
602 1 0.994086 0.00262137
603 1 0.994096 0.00261704
604 1 0.994106 0.00261272
605 1 0.994116 0.00260841
606 1 0.994125 0.00260412
607 1 0.994135 0.00259985
608 1 0.994145 0.00259559
609 1 0.994154 0.00259134
610 1 0.994164 0.0025871
611 1 0.994173 0.00258288
612 1 0.994183 0.00257868
613 1 0.994192 0.00257449
614 1 0.994202 0.00257031
615 1 0.994211 0.00256614
616 1 0.994221 0.00256199
617 1 0.99423 0.00255785
618 1 0.994239 0.00255373
619 1 0.994249 0.00254961
620 1 0.994258 0.00254551
621 1 0.994267 0.00254143
622 1 0.994277 0.00253736
623 1 0.994286 0.0025333
624 1 0.994295 0.00252925
625 1 0.994304 0.00252522
626 1 0.994313 0.0025212
627 1 0.994322 0.00251719
628 1 0.994331 0.00251319
629 1 0.99434 0.00250921
630 1 0.994349 0.00250524
631 1 0.994358 0.00250128
632 1 0.994367 0.00249734
633 1 0.994376 0.00249341
634 1 0.994385 0.00248949
635 1 0.994394 0.00248558
636 1 0.994403 0.00248168
637 1 0.994411 0.0024778
638 1 0.99442 0.00247393
639 1 0.994429 0.00247007
640 1 0.994438 0.00246622
641 1 0.994446 0.00246239
642 1 0.994455 0.00245856
643 1 0.994463 0.00245475
644 1 0.994472 0.00245095
645 1 0.994481 0.00244716
646 1 0.994489 0.00244339
647 1 0.994498 0.00243962
648 1 0.994506 0.00243587
649 1 0.994515 0.00243213
650 1 0.994523 0.0024284
651 1 0.994531 0.00242468
652 1 0.99454 0.00242097
653 1 0.994548 0.00241728
654 1 0.994557 0.00241359
655 1 0.994565 0.00240992
656 1 0.994573 0.00240626
657 1 0.994581 0.00240261
658 1 0.99459 0.00239897
659 1 0.994598 0.00239534
660 1 0.994606 0.00239172
661 1 0.994614 0.00238811
662 1 0.994622 0.00238452
663 1 0.99463 0.00238093
664 1 0.994639 0.00237736
665 1 0.994647 0.00237379
666 1 0.994655 0.00237024
667 1 0.994663 0.0023667
668 1 0.994671 0.00236316
669 1 0.994679 0.00235964
670 1 0.994687 0.00235613
671 1 0.994694 0.00235263
672 1 0.994702 0.00234914
673 1 0.99471 0.00234566
674 1 0.994718 0.00234219
675 1 0.994726 0.00233873
676 1 0.994734 0.00233528
677 1 0.994742 0.00233184
678 1 0.994749 0.00232841
679 1 0.994757 0.002325
680 1 0.994765 0.00232159
681 1 0.994772 0.00231819
682 1 0.99478 0.0023148
683 1 0.994788 0.00231142
684 1 0.994795 0.00230805
685 1 0.994803 0.00230469
686 1 0.99481 0.00230134
687 1 0.994818 0.002298
688 1 0.994826 0.00229467
689 1 0.994833 0.00229135
690 1 0.994841 0.00228804
691 1 0.994848 0.00228474
692 1 0.994855 0.00228145
693 1 0.994863 0.00227816
694 1 0.99487 0.00227489
695 1 0.994878 0.00227163
696 1 0.994885 0.00226837
697 1 0.994892 0.00226513
698 1 0.9949 0.00226189
699 1 0.994907 0.00225867
700 1 0.994914 0.00225545
701 1 0.994922 0.00225224
702 1 0.994929 0.00224904
703 1 0.994936 0.00224585
704 1 0.994943 0.00224267
705 1 0.99495 0.0022395
706 1 0.994958 0.00223634
707 1 0.994965 0.00223318
708 1 0.994972 0.00223004
709 1 0.994979 0.0022269
710 1 0.994986 0.00222377
711 1 0.994993 0.00222066
712 1 0.995 0.00221755
713 1 0.995007 0.00221444
714 1 0.995014 0.00221135
715 1 0.995021 0.00220827
716 1 0.995028 0.00220519
717 1 0.995035 0.00220213
718 1 0.995042 0.00219907
719 1 0.995049 0.00219602
720 1 0.995056 0.00219298
721 1 0.995062 0.00218994
722 1 0.995069 0.00218692
723 1 0.995076 0.0021839
724 1 0.995083 0.00218089
725 1 0.99509 0.00217789
726 1 0.995096 0.0021749
727 1 0.995103 0.00217192
728 1 0.99511 0.00216895
729 1 0.995117 0.00216598
730 1 0.995123 0.00216302
731 1 0.99513 0.00216007
732 1 0.995137 0.00215713
733 1 0.995143 0.00215419
734 1 0.99515 0.00215126
735 1 0.995156 0.00214835
736 1 0.995163 0.00214544
737 1 0.99517 0.00214253
738 1 0.995176 0.00213964
739 1 0.995183 0.00213675
740 1 0.995189 0.00213387
741 1 0.995196 0.002131
742 1 0.995202 0.00212813
743 1 0.995209 0.00212528
744 1 0.995215 0.00212243
745 1 0.995221 0.00211959
746 1 0.995228 0.00211675
747 1 0.995234 0.00211393
748 1 0.995241 0.00211111
749 1 0.995247 0.0021083
750 1 0.995253 0.0021055
751 1 0.99526 0.0021027
752 1 0.995266 0.00209991
753 1 0.995272 0.00209713
754 1 0.995279 0.00209436
755 1 0.995285 0.00209159
756 1 0.995291 0.00208883
757 1 0.995297 0.00208608
758 1 0.995303 0.00208333
759 1 0.99531 0.0020806
760 1 0.995316 0.00207787
761 1 0.995322 0.00207514
762 1 0.995328 0.00207243
763 1 0.995334 0.00206972
764 1 0.99534 0.00206702
765 1 0.995346 0.00206432
766 1 0.995352 0.00206163
767 1 0.995359 0.00205895
768 1 0.995365 0.00205628
769 1 0.995371 0.00205361
770 1 0.995377 0.00205095
771 1 0.995383 0.0020483
772 1 0.995389 0.00204565
773 1 0.995395 0.00204301
774 1 0.995401 0.00204038
775 1 0.995406 0.00203776
776 1 0.995412 0.00203514
777 1 0.995418 0.00203252
778 1 0.995424 0.00202992
779 1 0.99543 0.00202732
780 1 0.995436 0.00202473
781 1 0.995442 0.00202214
782 1 0.995448 0.00201956
783 1 0.995453 0.00201699
784 1 0.995459 0.00201442
785 1 0.995465 0.00201186
786 1 0.995471 0.00200931
787 1 0.995476 0.00200677
788 1 0.995482 0.00200423
789 1 0.995488 0.00200169
790 1 0.995494 0.00199916
791 1 0.995499 0.00199664
792 1 0.995505 0.00199413
793 1 0.995511 0.00199162
794 1 0.995516 0.00198912
795 1 0.995522 0.00198662
796 1 0.995528 0.00198413
797 1 0.995533 0.00198165
798 1 0.995539 0.00197917
799 1 0.995544 0.0019767
800 1 0.99555 0.00197424
801 1 0.995556 0.00197178
802 1 0.995561 0.00196933
803 1 0.995567 0.00196688
804 1 0.995572 0.00196444
805 1 0.995578 0.00196201
806 1 0.995583 0.00195958
807 1 0.995589 0.00195716
808 1 0.995594 0.00195474
809 1 0.9956 0.00195233
810 1 0.995605 0.00194993
811 1 0.99561 0.00194753
812 1 0.995616 0.00194514
813 1 0.995621 0.00194275
814 1 0.995627 0.00194037
815 1 0.995632 0.00193799
816 1 0.995637 0.00193563
817 1 0.995643 0.00193326
818 1 0.995648 0.0019309
819 1 0.995653 0.00192855
820 1 0.995659 0.00192621
821 1 0.995664 0.00192387
822 1 0.995669 0.00192153
823 1 0.995674 0.0019192
824 1 0.99568 0.00191688
825 1 0.995685 0.00191456
826 1 0.99569 0.00191225
827 1 0.995695 0.00190994
828 1 0.9957 0.00190764
829 1 0.995706 0.00190535
830 1 0.995711 0.00190306
831 1 0.995716 0.00190077
832 1 0.995721 0.00189849
833 1 0.995726 0.00189622
834 1 0.995731 0.00189395
835 1 0.995737 0.00189169
836 1 0.995742 0.00188943
837 1 0.995747 0.00188718
838 1 0.995752 0.00188493
839 1 0.995757 0.00188269
840 1 0.995762 0.00188046
841 1 0.995767 0.00187823
842 1 0.995772 0.001876
843 1 0.995777 0.00187378
844 1 0.995782 0.00187157
845 1 0.995787 0.00186936
846 1 0.995792 0.00186715
847 1 0.995797 0.00186495
848 1 0.995802 0.00186276
849 1 0.995807 0.00186057
850 1 0.995812 0.00185839
851 1 0.995817 0.00185621
852 1 0.995822 0.00185403
853 1 0.995826 0.00185187
854 1 0.995831 0.0018497
855 1 0.995836 0.00184754
856 1 0.995841 0.00184539
857 1 0.995846 0.00184324
858 1 0.995851 0.0018411
859 1 0.995856 0.00183896
860 1 0.99586 0.00183683
861 1 0.995865 0.0018347
862 1 0.99587 0.00183258
863 1 0.995875 0.00183046
864 1 0.99588 0.00182834
865 1 0.995884 0.00182624
866 1 0.995889 0.00182413
867 1 0.995894 0.00182203
868 1 0.995899 0.00181994
869 1 0.995903 0.00181785
870 1 0.995908 0.00181576
871 1 0.995913 0.00181369
872 1 0.995917 0.00181161
873 1 0.995922 0.00180954
874 1 0.995927 0.00180747
875 1 0.995931 0.00180541
876 1 0.995936 0.00180336
877 1 0.995941 0.00180131
878 1 0.995945 0.00179926
879 1 0.99595 0.00179722
880 1 0.995955 0.00179518
881 1 0.995959 0.00179315
882 1 0.995964 0.00179112
883 1 0.995968 0.00178909
884 1 0.995973 0.00178707
885 1 0.995977 0.00178506
886 1 0.995982 0.00178305
887 1 0.995986 0.00178104
888 1 0.995991 0.00177904
889 1 0.995996 0.00177705
890 1 0.996 0.00177505
891 1 0.996004 0.00177307
892 1 0.996009 0.00177108
893 1 0.996013 0.00176911
894 1 0.996018 0.00176713
895 1 0.996022 0.00176516
896 1 0.996027 0.0017632
897 1 0.996031 0.00176123
898 1 0.996036 0.00175928
899 1 0.99604 0.00175732
900 1 0.996044 0.00175538
901 1 0.996049 0.00175343
902 1 0.996053 0.00175149
903 1 0.996058 0.00174956
904 1 0.996062 0.00174763
905 1 0.996066 0.0017457
906 1 0.996071 0.00174378
907 1 0.996075 0.00174186
908 1 0.996079 0.00173995
909 1 0.996084 0.00173804
910 1 0.996088 0.00173613
911 1 0.996092 0.00173423
912 1 0.996096 0.00173233
913 1 0.996101 0.00173044
914 1 0.996105 0.00172855
915 1 0.996109 0.00172666
916 1 0.996114 0.00172478
917 1 0.996118 0.00172291
918 1 0.996122 0.00172103
919 1 0.996126 0.00171917
920 1 0.99613 0.0017173
921 1 0.996135 0.00171544
922 1 0.996139 0.00171358
923 1 0.996143 0.00171173
924 1 0.996147 0.00170988
925 1 0.996151 0.00170804
926 1 0.996156 0.0017062
927 1 0.99616 0.00170436
928 1 0.996164 0.00170253
929 1 0.996168 0.0017007
930 1 0.996172 0.00169888
931 1 0.996176 0.00169706
932 1 0.99618 0.00169524
933 1 0.996184 0.00169343
934 1 0.996188 0.00169162
935 1 0.996193 0.00168981
936 1 0.996197 0.00168801
937 1 0.996201 0.00168621
938 1 0.996205 0.00168442
939 1 0.996209 0.00168263
940 1 0.996213 0.00168084
941 1 0.996217 0.00167906
942 1 0.996221 0.00167728
943 1 0.996225 0.00167551
944 1 0.996229 0.00167374
945 1 0.996233 0.00167197
946 1 0.996237 0.0016702
947 1 0.996241 0.00166844
948 1 0.996245 0.00166669
949 1 0.996249 0.00166494
950 1 0.996253 0.00166319
951 1 0.996257 0.00166144
952 1 0.996261 0.0016597
953 1 0.996264 0.00165796
954 1 0.996268 0.00165623
955 1 0.996272 0.0016545
956 1 0.996276 0.00165277
957 1 0.99628 0.00165105
958 1 0.996284 0.00164933
959 1 0.996288 0.00164761
960 1 0.996292 0.0016459
961 1 0.996296 0.00164419
962 1 0.996299 0.00164248
963 1 0.996303 0.00164078
964 1 0.996307 0.00163908
965 1 0.996311 0.00163739
966 1 0.996315 0.0016357
967 1 0.996319 0.00163401
968 1 0.996322 0.00163233
969 1 0.996326 0.00163064
970 1 0.99633 0.00162897
971 1 0.996334 0.00162729
972 1 0.996337 0.00162562
973 1 0.996341 0.00162395
974 1 0.996345 0.00162229
975 1 0.996349 0.00162063
976 1 0.996352 0.00161897
977 1 0.996356 0.00161732
978 1 0.99636 0.00161567
979 1 0.996364 0.00161402
980 1 0.996367 0.00161238
981 1 0.996371 0.00161074
982 1 0.996375 0.0016091
983 1 0.996378 0.00160747
984 1 0.996382 0.00160584
985 1 0.996386 0.00160421
986 1 0.996389 0.00160259
987 1 0.996393 0.00160097
988 1 0.996397 0.00159935
989 1 0.9964 0.00159774
990 1 0.996404 0.00159613
991 1 0.996408 0.00159452
992 1 0.996411 0.00159291
993 1 0.996415 0.00159131
994 1 0.996419 0.00158972
995 1 0.996422 0.00158812
996 1 0.996426 0.00158653
997 1 0.996429 0.00158494
998 1 0.996433 0.00158336
999 1 0.996436 0.00158178
1000 1 0.99644 0.0015802
