1 -0.2 -0.2 0
2 -0.36 -0.28 0.08
3 -0.6 -0.386667 0.116237
4 -0.6 -0.44 0.0979796
5 -0.76 -0.504 0.0992774
6 -0.84 -0.56 0.0985224
7 -0.84 -0.6 0.092376
8 -0.92 -0.64 0.0894427
9 -1 -0.68 0.0884433
10 -1 -0.712 0.0853333
11 -1 -0.738182 0.0815065
12 -1 -0.76 0.0775379
13 -1 -0.778462 0.073675
14 -1 -0.794286 0.0700213
15 -1 -0.808 0.0666133
16 -1 -0.82 0.063456
17 -1 -0.830588 0.0605397
18 -1 -0.84 0.0578481
19 -1 -0.848421 0.055363
20 -1 -0.856 0.053066
21 -1 -0.862857 0.0509395
22 -1 -0.869091 0.0489673
23 -1 -0.874783 0.0471348
24 -1 -0.88 0.0454287
25 -1 -0.8848 0.0438373
26 -1 -0.889231 0.0423499
27 -1 -0.893333 0.0409572
28 -1 -0.897143 0.0396508
29 -1 -0.90069 0.0384231
30 -1 -0.904 0.0372676
31 -1 -0.907097 0.0361782
32 -1 -0.91 0.0351495
33 -1 -0.912727 0.0341767
34 -1 -0.915294 0.0332554
35 -1 -0.917714 0.0323819
36 -1 -0.92 0.0315524
37 -1 -0.922162 0.0307639
38 -1 -0.924211 0.0300133
39 -1 -0.926154 0.0292982
40 -1 -0.928 0.0286159
41 -1 -0.929756 0.0279645
42 -1 -0.931429 0.0273417
43 -1 -0.933023 0.0267459
44 -1 -0.934545 0.0261752
45 -1 -0.936 0.0256283
46 -1 -0.937391 0.0251035
47 -1 -0.938723 0.0245997
48 -1 -0.94 0.0241156
49 -1 -0.941224 0.02365
50 -1 -0.9424 0.023202
51 -1 -0.943529 0.0227705
52 -1 -0.944615 0.0223547
53 -1 -0.94566 0.0219538
54 -1 -0.946667 0.0215669
55 -1 -0.947636 0.0211933
56 -1 -0.948571 0.0208324
57 -1 -0.949474 0.0204835
58 -1 -0.950345 0.0201461
59 -1 -0.951186 0.0198196
60 -1 -0.952 0.0195034
61 -1 -0.952787 0.0191972
62 -1 -0.953548 0.0189004
63 -1 -0.954286 0.0186125
64 -1 -0.955 0.0183333
65 -1 -0.955692 0.0180624
66 -1 -0.956364 0.0177992
67 -1 -0.957015 0.0175437
68 -1 -0.957647 0.0172953
69 -1 -0.958261 0.0170538
70 -1 -0.958857 0.016819
71 -1 -0.959437 0.0165906
72 -1 -0.96 0.0163682
73 -1 -0.960548 0.0161517
74 -1 -0.961081 0.0159409
75 -1 -0.9616 0.0157355
76 -1 -0.962105 0.0155353
77 -1 -0.962597 0.0153401
78 -1 -0.963077 0.0151497
79 -1 -0.963544 0.014964
80 -1 -0.964 0.0147828
81 -1 -0.964444 0.0146059
82 -1 -0.964878 0.0144332
83 -1 -0.965301 0.0142646
84 -1 -0.965714 0.0140998
85 -1 -0.966118 0.0139387
86 -1 -0.966512 0.0137813
87 -1 -0.966897 0.0136274
88 -1 -0.967273 0.013477
89 -1 -0.96764 0.0133297
90 -1 -0.968 0.0131857
91 -1 -0.968352 0.0130447
92 -1 -0.968696 0.0129068
93 -1 -0.969032 0.0127717
94 -1 -0.969362 0.0126393
95 -1 -0.969684 0.0125098
96 -1 -0.97 0.0123828
97 -1 -0.970309 0.0122584
98 -1 -0.970612 0.0121364
99 -1 -0.970909 0.0120169
100 -1 -0.9712 0.0118996
101 -1 -0.971485 0.0117847
102 -1 -0.971765 0.0116719
103 -1 -0.972039 0.0115613
104 -1 -0.972308 0.0114528
105 -1 -0.972571 0.0113462
106 -1 -0.97283 0.0112417
107 -1 -0.973084 0.011139
108 -1 -0.973333 0.0110382
109 -1 -0.973578 0.0109392
110 -1 -0.973818 0.0108419
111 -1 -0.974054 0.0107464
112 -1 -0.974286 0.0106525
113 -1 -0.974513 0.0105603
114 -1 -0.974737 0.0104697
115 -1 -0.974957 0.0103805
116 -1 -0.975172 0.0102929
117 -1 -0.975385 0.0102068
118 -1 -0.975593 0.0101221
119 -1 -0.975798 0.0100387
120 -1 -0.976 0.00995677
121 -1 -0.976198 0.00987613
122 -1 -0.976393 0.00979679
123 -1 -0.976585 0.00971871
124 -1 -0.976774 0.00964186
125 -1 -0.97696 0.00956622
126 -1 -0.977143 0.00949176
127 -1 -0.977323 0.00941844
128 -1 -0.9775 0.00934625
129 -1 -0.977674 0.00927515
130 -1 -0.977846 0.00920513
131 -1 -0.978015 0.00913616
132 -1 -0.978182 0.00906821
133 -1 -0.978346 0.00900127
134 -1 -0.978507 0.0089353
135 -1 -0.978667 0.0088703
136 -1 -0.978824 0.00880623
137 -1 -0.978978 0.00874308
138 -1 -0.97913 0.00868083
139 -1 -0.979281 0.00861946
140 -1 -0.979429 0.00855895
141 -1 -0.979574 0.00849928
142 -1 -0.979718 0.00844044
143 -1 -0.97986 0.00838241
144 -1 -0.98 0.00832517
145 -1 -0.980138 0.00826871
146 -1 -0.980274 0.008213
147 -1 -0.980408 0.00815805
148 -1 -0.980541 0.00810382
149 -1 -0.980671 0.0080503
150 -1 -0.9808 0.00799749
151 -1 -0.980927 0.00794537
152 -1 -0.981053 0.00789392
153 -1 -0.981176 0.00784314
154 -1 -0.981299 0.007793
155 -1 -0.981419 0.0077435
156 -1 -0.981538 0.00769462
157 -1 -0.981656 0.00764636
158 -1 -0.981772 0.0075987
159 -1 -0.981887 0.00755163
160 -1 -0.982 0.00750513
161 -1 -0.982112 0.00745921
162 -1 -0.982222 0.00741385
163 -1 -0.982331 0.00736903
164 -1 -0.982439 0.00732475
165 -1 -0.982545 0.007281
166 -1 -0.982651 0.00723777
167 -1 -0.982754 0.00719505
168 -1 -0.982857 0.00715283
169 -1 -0.982959 0.0071111
170 -1 -0.983059 0.00706986
171 -1 -0.983158 0.00702909
172 -1 -0.983256 0.00698879
173 -1 -0.983353 0.00694895
174 -1 -0.983448 0.00690956
175 -1 -0.983543 0.00687062
176 -1 -0.983636 0.00683211
177 -1 -0.983729 0.00679403
178 -1 -0.98382 0.00675637
179 -1 -0.983911 0.00671913
180 -1 -0.984 0.00668229
181 -1 -0.984088 0.00664586
182 -1 -0.984176 0.00660982
183 -1 -0.984262 0.00657417
184 -1 -0.984348 0.0065389
185 -1 -0.984432 0.00650401
186 -1 -0.984516 0.00646949
187 -1 -0.984599 0.00643533
188 -1 -0.984681 0.00640154
189 -1 -0.984762 0.00636809
190 -1 -0.984842 0.00633499
191 -1 -0.984921 0.00630224
192 -1 -0.985 0.00626982
193 -1 -0.985078 0.00623773
194 -1 -0.985155 0.00620597
195 -1 -0.985231 0.00617454
196 -1 -0.985306 0.00614341
197 -1 -0.985381 0.0061126
198 -1 -0.985455 0.0060821
199 -1 -0.985528 0.0060519
200 -1 -0.9856 0.006022
201 -1 -0.985672 0.0059924
202 -1 -0.985743 0.00596308
203 -1 -0.985813 0.00593405
204 -1 -0.985882 0.0059053
205 -1 -0.985951 0.00587682
206 -1 -0.986019 0.00584862
207 -1 -0.986087 0.00582069
208 -1 -0.986154 0.00579303
209 -1 -0.98622 0.00576562
210 -1 -0.986286 0.00573848
211 -1 -0.986351 0.00571159
212 -1 -0.986415 0.00568494
213 -1 -0.986479 0.00565855
214 -1 -0.986542 0.0056324
215 -1 -0.986605 0.00560649
216 -1 -0.986667 0.00558082
217 -1 -0.986728 0.00555538
218 -1 -0.986789 0.00553018
219 -1 -0.986849 0.0055052
220 -1 -0.986909 0.00548044
221 -1 -0.986968 0.00545591
222 -1 -0.987027 0.00543159
223 -1 -0.987085 0.0054075
224 -1 -0.987143 0.00538361
225 -1 -0.9872 0.00535993
226 -1 -0.987257 0.00533647
227 -1 -0.987313 0.0053132
228 -1 -0.987368 0.00529014
229 -1 -0.987424 0.00526728
230 -1 -0.987478 0.00524461
231 -1 -0.987532 0.00522214
232 -1 -0.987586 0.00519986
233 -1 -0.987639 0.00517777
234 -1 -0.987692 0.00515586
235 -1 -0.987745 0.00513414
236 -1 -0.987797 0.00511261
237 -1 -0.987848 0.00509125
238 -1 -0.987899 0.00507007
239 -1 -0.98795 0.00504906
240 -1 -0.988 0.00502823
241 -1 -0.98805 0.00500757
242 -1 -0.988099 0.00498708
243 -1 -0.988148 0.00496676
244 -1 -0.988197 0.0049466
245 -1 -0.988245 0.0049266
246 -1 -0.988293 0.00490677
247 -1 -0.98834 0.00488709
248 -1 -0.988387 0.00486757
249 -1 -0.988434 0.00484821
250 -1 -0.98848 0.004829
251 -1 -0.988526 0.00480994
252 -1 -0.988571 0.00479103
253 -1 -0.988617 0.00477227
254 -1 -0.988661 0.00475366
255 -1 -0.988706 0.00473519
256 -1 -0.98875 0.00471686
257 -1 -0.988794 0.00469868
258 -1 -0.988837 0.00468063
259 -1 -0.98888 0.00466272
260 -1 -0.988923 0.00464495
261 -1 -0.988966 0.00462731
262 -1 -0.989008 0.00460981
263 -1 -0.989049 0.00459244
264 -1 -0.989091 0.0045752
265 -1 -0.989132 0.00455809
266 -1 -0.989173 0.0045411
267 -1 -0.989213 0.00452425
268 -1 -0.989254 0.00450751
269 -1 -0.989294 0.0044909
270 -1 -0.989333 0.00447441
271 -1 -0.989373 0.00445805
272 -1 -0.989412 0.0044418
273 -1 -0.989451 0.00442567
274 -1 -0.989489 0.00440965
275 -1 -0.989527 0.00439376
276 -1 -0.989565 0.00437797
277 -1 -0.989603 0.0043623
278 -1 -0.98964 0.00434674
279 -1 -0.989677 0.00433129
280 -1 -0.989714 0.00431595
281 -1 -0.989751 0.00430072
282 -1 -0.989787 0.0042856
283 -1 -0.989823 0.00427058
284 -1 -0.989859 0.00425567
285 -1 -0.989895 0.00424086
286 -1 -0.98993 0.00422615
287 -1 -0.989965 0.00421155
288 -1 -0.99 0.00419704
289 -1 -0.990035 0.00418264
290 -1 -0.990069 0.00416833
291 -1 -0.990103 0.00415412
292 -1 -0.990137 0.00414001
293 -1 -0.990171 0.004126
294 -1 -0.990204 0.00411207
295 -1 -0.990237 0.00409824
296 -1 -0.99027 0.00408451
297 -1 -0.990303 0.00407087
298 -1 -0.990336 0.00405731
299 -1 -0.990368 0.00404385
300 -1 -0.9904 0.00403047
301 -1 -0.990432 0.00401719
302 -1 -0.990464 0.00400399
303 -1 -0.990495 0.00399088
304 -1 -0.990526 0.00397785
305 -1 -0.990557 0.00396491
306 -1 -0.990588 0.00395205
307 -1 -0.990619 0.00393928
308 -1 -0.990649 0.00392658
309 -1 -0.99068 0.00391397
310 -1 -0.99071 0.00390144
311 -1 -0.99074 0.00388899
312 -1 -0.990769 0.00387662
313 -1 -0.990799 0.00386433
314 -1 -0.990828 0.00385211
315 -1 -0.990857 0.00383998
316 -1 -0.990886 0.00382791
317 -1 -0.990915 0.00381593
318 -1 -0.990943 0.00380402
319 -1 -0.990972 0.00379218
320 -1 -0.991 0.00378041
321 -1 -0.991028 0.00376872
322 -1 -0.991056 0.0037571
323 -1 -0.991084 0.00374556
324 -1 -0.991111 0.00373408
325 -1 -0.991138 0.00372267
326 -1 -0.991166 0.00371134
327 -1 -0.991193 0.00370007
328 -1 -0.99122 0.00368887
329 -1 -0.991246 0.00367773
330 -1 -0.991273 0.00366667
331 -1 -0.991299 0.00365567
332 -1 -0.991325 0.00364474
333 -1 -0.991351 0.00363387
334 -1 -0.991377 0.00362306
335 -1 -0.991403 0.00361233
336 -1 -0.991429 0.00360165
337 -1 -0.991454 0.00359104
338 -1 -0.991479 0.00358048
339 -1 -0.991504 0.00357
340 -1 -0.991529 0.00355957
341 -1 -0.991554 0.0035492
342 -1 -0.991579 0.00353889
343 -1 -0.991603 0.00352865
344 -1 -0.991628 0.00351846
345 -1 -0.991652 0.00350833
346 -1 -0.991676 0.00349826
347 -1 -0.9917 0.00348825
348 -1 -0.991724 0.00347829
349 -1 -0.991748 0.00346839
350 -1 -0.991771 0.00345855
351 -1 -0.991795 0.00344876
352 -1 -0.991818 0.00343903
353 -1 -0.991841 0.00342935
354 -1 -0.991864 0.00341972
355 -1 -0.991887 0.00341015
356 -1 -0.99191 0.00340064
357 -1 -0.991933 0.00339117
358 -1 -0.991955 0.00338176
359 -1 -0.991978 0.00337241
360 -1 -0.992 0.0033631
361 -1 -0.992022 0.00335384
362 -1 -0.992044 0.00334464
363 -1 -0.992066 0.00333548
364 -1 -0.992088 0.00332638
365 -1 -0.99211 0.00331732
366 -1 -0.992131 0.00330832
367 -1 -0.992153 0.00329936
368 -1 -0.992174 0.00329045
369 -1 -0.992195 0.00328159
370 -1 -0.992216 0.00327278
371 -1 -0.992237 0.00326401
372 -1 -0.992258 0.00325529
373 -1 -0.992279 0.00324662
374 -1 -0.992299 0.00323799
375 -1 -0.99232 0.00322941
376 -1 -0.99234 0.00322088
377 -1 -0.992361 0.00321239
378 -1 -0.992381 0.00320394
379 -1 -0.992401 0.00319554
380 -1 -0.992421 0.00318718
381 -1 -0.992441 0.00317887
382 -1 -0.992461 0.0031706
383 -1 -0.99248 0.00316237
384 -1 -0.9925 0.00315418
385 -1 -0.992519 0.00314604
386 -1 -0.992539 0.00313794
387 -1 -0.992558 0.00312988
388 -1 -0.992577 0.00312186
389 -1 -0.992596 0.00311388
390 -1 -0.992615 0.00310595
391 -1 -0.992634 0.00309805
392 -1 -0.992653 0.00309019
393 -1 -0.992672 0.00308238
394 -1 -0.99269 0.0030746
395 -1 -0.992709 0.00306686
396 -1 -0.992727 0.00305916
397 -1 -0.992746 0.0030515
398 -1 -0.992764 0.00304388
399 -1 -0.992782 0.0030363
400 -1 -0.9928 0.00302875
401 -1 -0.992818 0.00302124
402 -1 -0.992836 0.00301377
403 -1 -0.992854 0.00300634
404 -1 -0.992871 0.00299894
405 -1 -0.992889 0.00299157
406 -1 -0.992906 0.00298425
407 -1 -0.992924 0.00297696
408 -1 -0.992941 0.0029697
409 -1 -0.992958 0.00296248
410 -1 -0.992976 0.0029553
411 -1 -0.992993 0.00294815
412 -1 -0.99301 0.00294103
413 -1 -0.993027 0.00293395
414 -1 -0.993043 0.00292691
415 -1 -0.99306 0.00291989
416 -1 -0.993077 0.00291291
417 -1 -0.993094 0.00290597
418 -1 -0.99311 0.00289905
419 -1 -0.993126 0.00289217
420 -1 -0.993143 0.00288533
421 -1 -0.993159 0.00287851
422 -1 -0.993175 0.00287173
423 -1 -0.993191 0.00286497
424 -1 -0.993208 0.00285825
425 -1 -0.993224 0.00285157
426 -1 -0.993239 0.00284491
427 -1 -0.993255 0.00283828
428 -1 -0.993271 0.00283169
429 -1 -0.993287 0.00282512
430 -1 -0.993302 0.00281859
431 -1 -0.993318 0.00281208
432 -1 -0.993333 0.00280561
433 -1 -0.993349 0.00279916
434 -1 -0.993364 0.00279275
435 -1 -0.993379 0.00278636
436 -1 -0.993394 0.00278001
437 -1 -0.99341 0.00277368
438 -1 -0.993425 0.00276738
439 -1 -0.99344 0.00276111
440 -1 -0.993455 0.00275487
441 -1 -0.993469 0.00274865
442 -1 -0.993484 0.00274247
443 -1 -0.993499 0.00273631
444 -1 -0.993514 0.00273018
445 -1 -0.993528 0.00272408
446 -1 -0.993543 0.002718
447 -1 -0.993557 0.00271195
448 -1 -0.993571 0.00270593
449 -1 -0.993586 0.00269993
450 -1 -0.9936 0.00269397
451 -1 -0.993614 0.00268802
452 -1 -0.993628 0.00268211
453 -1 -0.993642 0.00267622
454 -1 -0.993656 0.00267035
455 -1 -0.99367 0.00266451
456 -1 -0.993684 0.0026587
457 -1 -0.993698 0.00265291
458 -1 -0.993712 0.00264715
459 -1 -0.993725 0.00264141
460 -1 -0.993739 0.0026357
461 -1 -0.993753 0.00263001
462 -1 -0.993766 0.00262434
463 -1 -0.99378 0.00261871
464 -1 -0.993793 0.00261309
465 -1 -0.993806 0.0026075
466 -1 -0.99382 0.00260193
467 -1 -0.993833 0.00259639
468 -1 -0.993846 0.00259087
469 -1 -0.993859 0.00258537
470 -1 -0.993872 0.0025799
471 -1 -0.993885 0.00257445
472 -1 -0.993898 0.00256902
473 -1 -0.993911 0.00256361
474 -1 -0.993924 0.00255823
475 -1 -0.993937 0.00255287
476 -1 -0.99395 0.00254754
477 -1 -0.993962 0.00254222
478 -1 -0.993975 0.00253693
479 -1 -0.993987 0.00253166
480 -1 -0.994 0.00252641
481 -1 -0.994012 0.00252118
482 -1 -0.994025 0.00251598
483 -1 -0.994037 0.00251079
484 -1 -0.99405 0.00250563
485 -1 -0.994062 0.00250049
486 -1 -0.994074 0.00249537
487 -1 -0.994086 0.00249027
488 -1 -0.994098 0.00248519
489 -1 -0.99411 0.00248013
490 -1 -0.994122 0.00247509
491 -1 -0.994134 0.00247008
492 -1 -0.994146 0.00246508
493 -1 -0.994158 0.0024601
494 -1 -0.99417 0.00245515
495 -1 -0.994182 0.00245021
496 -1 -0.994194 0.00244529
497 -1 -0.994205 0.0024404
498 -1 -0.994217 0.00243552
499 -1 -0.994228 0.00243066
500 -1 -0.99424 0.00242582
501 -1 -0.994251 0.002421
502 -1 -0.994263 0.0024162
503 -1 -0.994274 0.00241142
504 -1 -0.994286 0.00240666
505 -1 -0.994297 0.00240191
506 -1 -0.994308 0.00239719
507 -1 -0.99432 0.00239248
508 -1 -0.994331 0.0023878
509 -1 -0.994342 0.00238313
510 -1 -0.994353 0.00237847
511 -1 -0.994364 0.00237384
512 -1 -0.994375 0.00236923
513 -1 -0.994386 0.00236463
514 -1 -0.994397 0.00236005
515 -1 -0.994408 0.00235549
516 -1 -0.994419 0.00235094
517 -1 -0.994429 0.00234641
518 -1 -0.99444 0.00234191
519 -1 -0.994451 0.00233741
520 -1 -0.994462 0.00233294
521 -1 -0.994472 0.00232848
522 -1 -0.994483 0.00232404
523 -1 -0.994493 0.00231962
524 -1 -0.994504 0.00231521
525 -1 -0.994514 0.00231082
526 -1 -0.994525 0.00230644
527 -1 -0.994535 0.00230209
528 -1 -0.994545 0.00229775
529 -1 -0.994556 0.00229342
530 -1 -0.994566 0.00228911
531 -1 -0.994576 0.00228482
532 -1 -0.994586 0.00228055
533 -1 -0.994597 0.00227629
534 -1 -0.994607 0.00227204
535 -1 -0.994617 0.00226781
536 -1 -0.994627 0.0022636
537 -1 -0.994637 0.0022594
538 -1 -0.994647 0.00225522
539 -1 -0.994657 0.00225106
540 -1 -0.994667 0.0022469
541 -1 -0.994677 0.00224277
542 -1 -0.994686 0.00223865
543 -1 -0.994696 0.00223454
544 -1 -0.994706 0.00223045
545 -1 -0.994716 0.00222638
546 -1 -0.994725 0.00222232
547 -1 -0.994735 0.00221827
548 -1 -0.994745 0.00221424
549 -1 -0.994754 0.00221023
550 -1 -0.994764 0.00220622
551 -1 -0.994773 0.00220224
552 -1 -0.994783 0.00219826
553 -1 -0.994792 0.00219431
554 -1 -0.994801 0.00219036
555 -1 -0.994811 0.00218643
556 -1 -0.99482 0.00218252
557 -1 -0.994829 0.00217861
558 -1 -0.994839 0.00217473
559 -1 -0.994848 0.00217085
560 -1 -0.994857 0.00216699
561 -1 -0.994866 0.00216314
562 -1 -0.994875 0.00215931
563 -1 -0.994885 0.00215549
564 -1 -0.994894 0.00215169
565 -1 -0.994903 0.00214789
566 -1 -0.994912 0.00214411
567 -1 -0.994921 0.00214035
568 -1 -0.99493 0.00213659
569 -1 -0.994938 0.00213285
570 -1 -0.994947 0.00212913
571 -1 -0.994956 0.00212541
572 -1 -0.994965 0.00212171
573 -1 -0.994974 0.00211803
574 -1 -0.994983 0.00211435
575 -1 -0.994991 0.00211069
576 -1 -0.995 0.00210704
577 -1 -0.995009 0.0021034
578 -1 -0.995017 0.00209978
579 -1 -0.995026 0.00209617
580 -1 -0.995034 0.00209257
581 -1 -0.995043 0.00208898
582 -1 -0.995052 0.0020854
583 -1 -0.99506 0.00208184
584 -1 -0.995068 0.00207829
585 -1 -0.995077 0.00207475
586 -1 -0.995085 0.00207123
587 -1 -0.995094 0.00206771
588 -1 -0.995102 0.00206421
589 -1 -0.99511 0.00206072
590 -1 -0.995119 0.00205724
591 -1 -0.995127 0.00205377
592 -1 -0.995135 0.00205032
593 -1 -0.995143 0.00204687
594 -1 -0.995152 0.00204344
595 -1 -0.99516 0.00204002
596 -1 -0.995168 0.00203661
597 -1 -0.995176 0.00203321
598 -1 -0.995184 0.00202982
599 -1 -0.995192 0.00202645
600 -1 -0.9952 0.00202308
601 -1 -0.995208 0.00201973
602 -1 -0.995216 0.00201639
603 -1 -0.995224 0.00201306
604 -1 -0.995232 0.00200974
605 -1 -0.99524 0.00200643
606 -1 -0.995248 0.00200313
607 -1 -0.995255 0.00199984
608 -1 -0.995263 0.00199657
609 -1 -0.995271 0.0019933
610 -1 -0.995279 0.00199004
611 -1 -0.995286 0.0019868
612 -1 -0.995294 0.00198357
613 -1 -0.995302 0.00198034
614 -1 -0.995309 0.00197713
615 -1 -0.995317 0.00197393
616 -1 -0.995325 0.00197073
617 -1 -0.995332 0.00196755
618 -1 -0.99534 0.00196438
619 -1 -0.995347 0.00196122
620 -1 -0.995355 0.00195807
621 -1 -0.995362 0.00195493
622 -1 -0.99537 0.00195179
623 -1 -0.995377 0.00194867
624 -1 -0.995385 0.00194556
625 -1 -0.995392 0.00194246
626 -1 -0.995399 0.00193937
627 -1 -0.995407 0.00193629
628 -1 -0.995414 0.00193322
629 -1 -0.995421 0.00193015
630 -1 -0.995429 0.0019271
631 -1 -0.995436 0.00192406
632 -1 -0.995443 0.00192102
633 -1 -0.99545 0.001918
634 -1 -0.995457 0.00191499
635 -1 -0.995465 0.00191198
636 -1 -0.995472 0.00190899
637 -1 -0.995479 0.001906
638 -1 -0.995486 0.00190302
639 -1 -0.995493 0.00190006
640 -1 -0.9955 0.0018971
641 -1 -0.995507 0.00189415
642 -1 -0.995514 0.00189121
643 -1 -0.995521 0.00188828
644 -1 -0.995528 0.00188536
645 -1 -0.995535 0.00188245
646 -1 -0.995542 0.00187954
647 -1 -0.995549 0.00187665
648 -1 -0.995556 0.00187376
649 -1 -0.995562 0.00187088
650 -1 -0.995569 0.00186802
651 -1 -0.995576 0.00186516
652 -1 -0.995583 0.00186231
653 -1 -0.99559 0.00185946
654 -1 -0.995596 0.00185663
655 -1 -0.995603 0.00185381
656 -1 -0.99561 0.00185099
657 -1 -0.995616 0.00184818
658 -1 -0.995623 0.00184538
659 -1 -0.99563 0.00184259
660 -1 -0.995636 0.00183981
661 -1 -0.995643 0.00183704
662 -1 -0.99565 0.00183427
663 -1 -0.995656 0.00183152
664 -1 -0.995663 0.00182877
665 -1 -0.995669 0.00182603
666 -1 -0.995676 0.0018233
667 -1 -0.995682 0.00182057
668 -1 -0.995689 0.00181786
669 -1 -0.995695 0.00181515
670 -1 -0.995701 0.00181245
671 -1 -0.995708 0.00180976
672 -1 -0.995714 0.00180707
673 -1 -0.995721 0.0018044
674 -1 -0.995727 0.00180173
675 -1 -0.995733 0.00179907
676 -1 -0.99574 0.00179642
677 -1 -0.995746 0.00179377
678 -1 -0.995752 0.00179113
679 -1 -0.995758 0.00178851
680 -1 -0.995765 0.00178588
681 -1 -0.995771 0.00178327
682 -1 -0.995777 0.00178067
683 -1 -0.995783 0.00177807
684 -1 -0.995789 0.00177548
685 -1 -0.995796 0.00177289
686 -1 -0.995802 0.00177032
687 -1 -0.995808 0.00176775
688 -1 -0.995814 0.00176519
689 -1 -0.99582 0.00176264
690 -1 -0.995826 0.00176009
691 -1 -0.995832 0.00175755
692 -1 -0.995838 0.00175502
693 -1 -0.995844 0.0017525
694 -1 -0.99585 0.00174998
695 -1 -0.995856 0.00174747
696 -1 -0.995862 0.00174497
697 -1 -0.995868 0.00174247
698 -1 -0.995874 0.00173998
699 -1 -0.99588 0.0017375
700 -1 -0.995886 0.00173503
701 -1 -0.995892 0.00173256
702 -1 -0.995897 0.0017301
703 -1 -0.995903 0.00172765
704 -1 -0.995909 0.0017252
705 -1 -0.995915 0.00172276
706 -1 -0.995921 0.00172033
707 -1 -0.995926 0.00171791
708 -1 -0.995932 0.00171549
709 -1 -0.995938 0.00171308
710 -1 -0.995944 0.00171067
711 -1 -0.995949 0.00170827
712 -1 -0.995955 0.00170588
713 -1 -0.995961 0.0017035
714 -1 -0.995966 0.00170112
715 -1 -0.995972 0.00169875
716 -1 -0.995978 0.00169638
717 -1 -0.995983 0.00169402
718 -1 -0.995989 0.00169167
719 -1 -0.995994 0.00168933
720 -1 -0.996 0.00168699
721 -1 -0.996006 0.00168466
722 -1 -0.996011 0.00168233
723 -1 -0.996017 0.00168001
724 -1 -0.996022 0.0016777
725 -1 -0.996028 0.00167539
726 -1 -0.996033 0.00167309
727 -1 -0.996039 0.0016708
728 -1 -0.996044 0.00166851
729 -1 -0.996049 0.00166623
730 -1 -0.996055 0.00166395
731 -1 -0.99606 0.00166168
732 -1 -0.996066 0.00165942
733 -1 -0.996071 0.00165716
734 -1 -0.996076 0.00165491
735 -1 -0.996082 0.00165267
736 -1 -0.996087 0.00165043
737 -1 -0.996092 0.0016482
738 -1 -0.996098 0.00164597
739 -1 -0.996103 0.00164375
740 -1 -0.996108 0.00164154
741 -1 -0.996113 0.00163933
742 -1 -0.996119 0.00163713
743 -1 -0.996124 0.00163493
744 -1 -0.996129 0.00163274
745 -1 -0.996134 0.00163055
746 -1 -0.996139 0.00162837
747 -1 -0.996145 0.0016262
748 -1 -0.99615 0.00162403
749 -1 -0.996155 0.00162187
750 -1 -0.99616 0.00161972
751 -1 -0.996165 0.00161757
752 -1 -0.99617 0.00161542
753 -1 -0.996175 0.00161328
754 -1 -0.99618 0.00161115
755 -1 -0.996185 0.00160902
756 -1 -0.99619 0.0016069
757 -1 -0.996196 0.00160478
758 -1 -0.996201 0.00160267
759 -1 -0.996206 0.00160057
760 -1 -0.996211 0.00159847
761 -1 -0.996216 0.00159638
762 -1 -0.99622 0.00159429
763 -1 -0.996225 0.0015922
764 -1 -0.99623 0.00159013
765 -1 -0.996235 0.00158805
766 -1 -0.99624 0.00158599
767 -1 -0.996245 0.00158392
768 -1 -0.99625 0.00158187
769 -1 -0.996255 0.00157982
770 -1 -0.99626 0.00157777
771 -1 -0.996265 0.00157573
772 -1 -0.996269 0.0015737
773 -1 -0.996274 0.00157167
774 -1 -0.996279 0.00156964
775 -1 -0.996284 0.00156762
776 -1 -0.996289 0.00156561
777 -1 -0.996293 0.0015636
778 -1 -0.996298 0.0015616
779 -1 -0.996303 0.0015596
780 -1 -0.996308 0.0015576
781 -1 -0.996312 0.00155562
782 -1 -0.996317 0.00155363
783 -1 -0.996322 0.00155165
784 -1 -0.996327 0.00154968
785 -1 -0.996331 0.00154771
786 -1 -0.996336 0.00154575
787 -1 -0.996341 0.00154379
788 -1 -0.996345 0.00154184
789 -1 -0.99635 0.00153989
790 -1 -0.996354 0.00153795
791 -1 -0.996359 0.00153601
792 -1 -0.996364 0.00153407
793 -1 -0.996368 0.00153214
794 -1 -0.996373 0.00153022
795 -1 -0.996377 0.0015283
796 -1 -0.996382 0.00152639
797 -1 -0.996386 0.00152448
798 -1 -0.996391 0.00152257
799 -1 -0.996395 0.00152067
800 -1 -0.9964 0.00151878
801 -1 -0.996404 0.00151689
802 -1 -0.996409 0.001515
803 -1 -0.996413 0.00151312
804 -1 -0.996418 0.00151124
805 -1 -0.996422 0.00150937
806 -1 -0.996427 0.0015075
807 -1 -0.996431 0.00150564
808 -1 -0.996436 0.00150378
809 -1 -0.99644 0.00150193
810 -1 -0.996444 0.00150008
811 -1 -0.996449 0.00149824
812 -1 -0.996453 0.0014964
813 -1 -0.996458 0.00149456
814 -1 -0.996462 0.00149273
815 -1 -0.996466 0.0014909
816 -1 -0.996471 0.00148908
817 -1 -0.996475 0.00148726
818 -1 -0.996479 0.00148545
819 -1 -0.996484 0.00148364
820 -1 -0.996488 0.00148184
821 -1 -0.996492 0.00148004
822 -1 -0.996496 0.00147824
823 -1 -0.996501 0.00147645
824 -1 -0.996505 0.00147466
825 -1 -0.996509 0.00147288
826 -1 -0.996513 0.0014711
827 -1 -0.996518 0.00146933
828 -1 -0.996522 0.00146756
829 -1 -0.996526 0.0014658
830 -1 -0.99653 0.00146403
831 -1 -0.996534 0.00146228
832 -1 -0.996538 0.00146052
833 -1 -0.996543 0.00145878
834 -1 -0.996547 0.00145703
835 -1 -0.996551 0.00145529
836 -1 -0.996555 0.00145356
837 -1 -0.996559 0.00145182
838 -1 -0.996563 0.0014501
839 -1 -0.996567 0.00144837
840 -1 -0.996571 0.00144665
841 -1 -0.996576 0.00144494
842 -1 -0.99658 0.00144323
843 -1 -0.996584 0.00144152
844 -1 -0.996588 0.00143982
845 -1 -0.996592 0.00143812
846 -1 -0.996596 0.00143642
847 -1 -0.9966 0.00143473
848 -1 -0.996604 0.00143304
849 -1 -0.996608 0.00143136
850 -1 -0.996612 0.00142968
851 -1 -0.996616 0.001428
852 -1 -0.99662 0.00142633
853 -1 -0.996624 0.00142467
854 -1 -0.996628 0.001423
855 -1 -0.996632 0.00142134
856 -1 -0.996636 0.00141969
857 -1 -0.996639 0.00141803
858 -1 -0.996643 0.00141639
859 -1 -0.996647 0.00141474
860 -1 -0.996651 0.0014131
861 -1 -0.996655 0.00141146
862 -1 -0.996659 0.00140983
863 -1 -0.996663 0.0014082
864 -1 -0.996667 0.00140658
865 -1 -0.996671 0.00140495
866 -1 -0.996674 0.00140334
867 -1 -0.996678 0.00140172
868 -1 -0.996682 0.00140011
869 -1 -0.996686 0.0013985
870 -1 -0.99669 0.0013969
871 -1 -0.996693 0.0013953
872 -1 -0.996697 0.00139371
873 -1 -0.996701 0.00139211
874 -1 -0.996705 0.00139052
875 -1 -0.996709 0.00138894
876 -1 -0.996712 0.00138736
877 -1 -0.996716 0.00138578
878 -1 -0.99672 0.00138421
879 -1 -0.996724 0.00138264
880 -1 -0.996727 0.00138107
881 -1 -0.996731 0.00137951
882 -1 -0.996735 0.00137795
883 -1 -0.996738 0.00137639
884 -1 -0.996742 0.00137484
885 -1 -0.996746 0.00137329
886 -1 -0.996749 0.00137174
887 -1 -0.996753 0.0013702
888 -1 -0.996757 0.00136866
889 -1 -0.99676 0.00136712
890 -1 -0.996764 0.00136559
891 -1 -0.996768 0.00136406
892 -1 -0.996771 0.00136254
893 -1 -0.996775 0.00136102
894 -1 -0.996779 0.0013595
895 -1 -0.996782 0.00135798
896 -1 -0.996786 0.00135647
897 -1 -0.996789 0.00135496
898 -1 -0.996793 0.00135346
899 -1 -0.996796 0.00135196
900 -1 -0.9968 0.00135046
901 -1 -0.996804 0.00134896
902 -1 -0.996807 0.00134747
903 -1 -0.996811 0.00134598
904 -1 -0.996814 0.0013445
905 -1 -0.996818 0.00134302
906 -1 -0.996821 0.00134154
907 -1 -0.996825 0.00134006
908 -1 -0.996828 0.00133859
909 -1 -0.996832 0.00133712
910 -1 -0.996835 0.00133565
911 -1 -0.996839 0.00133419
912 -1 -0.996842 0.00133273
913 -1 -0.996846 0.00133128
914 -1 -0.996849 0.00132982
915 -1 -0.996852 0.00132837
916 -1 -0.996856 0.00132693
917 -1 -0.996859 0.00132548
918 -1 -0.996863 0.00132404
919 -1 -0.996866 0.00132261
920 -1 -0.99687 0.00132117
921 -1 -0.996873 0.00131974
922 -1 -0.996876 0.00131831
923 -1 -0.99688 0.00131689
924 -1 -0.996883 0.00131547
925 -1 -0.996886 0.00131405
926 -1 -0.99689 0.00131263
927 -1 -0.996893 0.00131122
928 -1 -0.996897 0.00130981
929 -1 -0.9969 0.00130841
930 -1 -0.996903 0.001307
931 -1 -0.996907 0.0013056
932 -1 -0.99691 0.0013042
933 -1 -0.996913 0.00130281
934 -1 -0.996916 0.00130142
935 -1 -0.99692 0.00130003
936 -1 -0.996923 0.00129864
937 -1 -0.996926 0.00129726
938 -1 -0.99693 0.00129588
939 -1 -0.996933 0.00129451
940 -1 -0.996936 0.00129313
941 -1 -0.996939 0.00129176
942 -1 -0.996943 0.00129039
943 -1 -0.996946 0.00128903
944 -1 -0.996949 0.00128767
945 -1 -0.996952 0.00128631
946 -1 -0.996956 0.00128495
947 -1 -0.996959 0.0012836
948 -1 -0.996962 0.00128225
949 -1 -0.996965 0.0012809
950 -1 -0.996968 0.00127955
951 -1 -0.996972 0.00127821
952 -1 -0.996975 0.00127687
953 -1 -0.996978 0.00127554
954 -1 -0.996981 0.0012742
955 -1 -0.996984 0.00127287
956 -1 -0.996987 0.00127154
957 -1 -0.996991 0.00127022
958 -1 -0.996994 0.00126889
959 -1 -0.996997 0.00126757
960 -1 -0.997 0.00126626
961 -1 -0.997003 0.00126494
962 -1 -0.997006 0.00126363
963 -1 -0.997009 0.00126232
964 -1 -0.997012 0.00126102
965 -1 -0.997016 0.00125971
966 -1 -0.997019 0.00125841
967 -1 -0.997022 0.00125711
968 -1 -0.997025 0.00125582
969 -1 -0.997028 0.00125452
970 -1 -0.997031 0.00125323
971 -1 -0.997034 0.00125195
972 -1 -0.997037 0.00125066
973 -1 -0.99704 0.00124938
974 -1 -0.997043 0.0012481
975 -1 -0.997046 0.00124682
976 -1 -0.997049 0.00124555
977 -1 -0.997052 0.00124428
978 -1 -0.997055 0.00124301
979 -1 -0.997058 0.00124174
980 -1 -0.997061 0.00124048
981 -1 -0.997064 0.00123921
982 -1 -0.997067 0.00123796
983 -1 -0.99707 0.0012367
984 -1 -0.997073 0.00123544
985 -1 -0.997076 0.00123419
986 -1 -0.997079 0.00123294
987 -1 -0.997082 0.0012317
988 -1 -0.997085 0.00123045
989 -1 -0.997088 0.00122921
990 -1 -0.997091 0.00122797
991 -1 -0.997094 0.00122674
992 -1 -0.997097 0.0012255
993 -1 -0.9971 0.00122427
994 -1 -0.997103 0.00122304
995 -1 -0.997106 0.00122182
996 -1 -0.997108 0.00122059
997 -1 -0.997111 0.00121937
998 -1 -0.997114 0.00121815
999 -1 -0.997117 0.00121694
1000 -1 -0.99712 0.00121572
