1 -8.50598 -8.50598 0
2 -8.30378 -8.40488 0.0714857
3 -8.18321 -8.33099 0.0768834
4 -8.15156 -8.28613 0.0695278
5 -8.05065 -8.23904 0.0697731
6 -8.05748 -8.20878 0.0643724
7 -8.0328 -8.18364 0.0598842
8 -7.98007 -8.15819 0.0575514
9 -7.98065 -8.13846 0.0544327
10 -7.94169 -8.11879 0.0524255
11 -7.86765 -8.09596 0.0523955
12 -7.789 -8.07038 0.053913
13 -7.74425 -8.04529 0.0552953
14 -7.81298 -8.0287 0.0537777
15 -7.79447 -8.01308 0.0524107
16 -7.7305 -7.99542 0.0520258
17 -7.80279 -7.98409 0.0501842
18 -7.79529 -7.9736 0.0484799
19 -7.75772 -7.96224 0.0472411
20 -7.71383 -7.94982 0.0464831
21 -7.69568 -7.93772 0.0458178
22 -7.61909 -7.92323 0.0459672
23 -7.58054 -7.90833 0.0463205
24 -7.63814 -7.89707 0.0457382
25 -7.64723 -7.88708 0.0449872
26 -7.58517 -7.87547 0.0447305
27 -7.55536 -7.86361 0.0446173
28 -7.64379 -7.85576 0.0437091
29 -7.62471 -7.8478 0.0429219
30 -7.57745 -7.83878 0.0424266
31 -7.5074 -7.82809 0.0423833
32 -7.511 -7.81818 0.0422013
33 -7.48972 -7.80823 0.0420799
34 -7.54899 -7.80061 0.0415273
35 -7.47649 -7.79135 0.0413604
36 -7.49456 -7.7831 0.0410249
37 -7.4665 -7.77455 0.0407987
38 -7.42838 -7.76544 0.0407294
39 -7.36799 -7.75524 0.0409402
40 -7.45229 -7.74767 0.0406112
41 -7.47351 -7.74098 0.0401674
42 -7.47295 -7.7346 0.0397147
43 -7.50354 -7.72923 0.039153
44 -7.49294 -7.72386 0.0386297
45 -7.57108 -7.72046 0.0379201
46 -7.54429 -7.71663 0.0372887
47 -7.53609 -7.71279 0.0366926
48 -7.59098 -7.71025 0.0360158
49 -7.6761 -7.70956 0.0352876
50 -7.57918 -7.70695 0.034678
51 -7.61544 -7.70516 0.0340445
52 -7.6352 -7.70381 0.0334163
53 -7.59942 -7.70184 0.0328438
54 -7.63974 -7.70069 0.0322557
55 -7.64617 -7.6997 0.0316845
56 -7.6103 -7.6981 0.0311589
57 -7.63796 -7.69705 0.0306301
58 -7.62228 -7.69576 0.0301291
59 -7.55544 -7.69338 0.0297122
60 -7.62078 -7.69217 0.0292416
61 -7.59065 -7.69051 0.0288095
62 -7.6198 -7.68937 0.0283674
63 -7.66618 -7.689 0.0279195
64 -7.63715 -7.68819 0.0274951
65 -7.57409 -7.68643 0.027128
66 -7.63086 -7.68559 0.0267301
67 -7.5904 -7.68417 0.0263688
68 -7.56085 -7.68236 0.0260433
69 -7.5818 -7.6809 0.0257066
70 -7.56321 -7.67922 0.0253943
71 -7.51956 -7.67697 0.025136
72 -7.56444 -7.67541 0.0248355
73 -7.63003 -7.67478 0.024503
74 -7.64012 -7.67432 0.0241764
75 -7.61938 -7.67358 0.0238651
76 -7.61904 -7.67287 0.0235619
77 -7.52754 -7.67098 0.0233314
78 -7.59238 -7.66997 0.023054
79 -7.60227 -7.66911 0.0227781
80 -7.60313 -7.66829 0.0225083
81 -7.66167 -7.66821 0.0222306
82 -7.72701 -7.66892 0.021971
83 -7.68621 -7.66913 0.0217073
84 -7.69654 -7.66946 0.0214513
85 -7.69003 -7.6697 0.0212003
86 -7.66936 -7.6697 0.0209538
87 -7.67822 -7.6698 0.0207132
88 -7.63866 -7.66944 0.0204808
89 -7.67567 -7.66951 0.0202508
90 -7.57814 -7.6685 0.0200512
91 -7.5565 -7.66727 0.0198686
92 -7.55516 -7.66605 0.01969
93 -7.57376 -7.66505 0.0195033
94 -7.57289 -7.66407 0.0193204
95 -7.6622 -7.66405 0.0191171
96 -7.64173 -7.66382 0.0189193
97 -7.65153 -7.66369 0.0187247
98 -7.5623 -7.66266 0.0185622
99 -7.58315 -7.66186 0.0183921
100 -7.65047 -7.66174 0.0182085
101 -7.62312 -7.66136 0.0180322
102 -7.52151 -7.65999 0.0179075
103 -7.5418 -7.65884 0.0177704
104 -7.57327 -7.65802 0.0176185
105 -7.57265 -7.65721 0.0174695
106 -7.49194 -7.65565 0.0173741
107 -7.5008 -7.6542 0.0172719
108 -7.63542 -7.65403 0.0171129
109 -7.60566 -7.65358 0.0169616
110 -7.58952 -7.653 0.0168174
111 -7.61336 -7.65264 0.0166697
112 -7.5268 -7.65152 0.0165587
113 -7.48423 -7.65004 0.0164782
114 -7.49808 -7.64871 0.0163875
115 -7.53783 -7.64774 0.0162733
116 -7.48793 -7.64636 0.0161912
117 -7.44943 -7.64468 0.0161401
118 -7.47036 -7.6432 0.0160708
119 -7.39178 -7.64109 0.016074
120 -7.32987 -7.6385 0.016148
121 -7.43449 -7.63681 0.0161023
122 -7.49329 -7.63563 0.0160132
123 -7.4982 -7.63452 0.015922
124 -7.46776 -7.63317 0.0158502
125 -7.59672 -7.63288 0.0157261
126 -7.58611 -7.63251 0.0156057
127 -7.58359 -7.63212 0.0154876
128 -7.60092 -7.63188 0.0153685
129 -7.66229 -7.63212 0.0152512
130 -7.50117 -7.63111 0.0151671
131 -7.5056 -7.63015 0.0150815
132 -7.46926 -7.62893 0.0150164
133 -7.46827 -7.62772 0.014952
134 -7.44879 -7.62639 0.0149
135 -7.43667 -7.62498 0.0148557
136 -7.42618 -7.62352 0.0148182
137 -7.3507 -7.62153 0.0148433
138 -7.38447 -7.61981 0.0148348
139 -7.5031 -7.61897 0.0147518
140 -7.48565 -7.61802 0.0146772
141 -7.58444 -7.61778 0.014575
142 -7.5095 -7.61702 0.0144923
143 -7.58207 -7.61678 0.014393
144 -7.62674 -7.61684 0.0142932
145 -7.60104 -7.61674 0.0141951
146 -7.61917 -7.61675 0.0140978
147 -7.59346 -7.61659 0.0140028
148 -7.64108 -7.61676 0.0139092
149 -7.59328 -7.6166 0.0138167
150 -7.61526 -7.61659 0.0137246
151 -7.61041 -7.61655 0.0136338
152 -7.60196 -7.61646 0.0135444
153 -7.64809 -7.61666 0.0134575
154 -7.615 -7.61665 0.0133701
155 -7.54525 -7.61619 0.0132918
156 -7.50925 -7.61551 0.0132242
157 -7.56995 -7.61522 0.0131432
158 -7.56476 -7.6149 0.0130639
159 -7.59688 -7.61478 0.0129822
160 -7.58064 -7.61457 0.0129028
161 -7.57288 -7.61431 0.0128253
162 -7.50068 -7.61361 0.0127653
163 -7.51455 -7.613 0.0127014
164 -7.48088 -7.6122 0.0126495
165 -7.55775 -7.61187 0.0125772
166 -7.52256 -7.61133 0.0125129
167 -7.50637 -7.6107 0.0124537
168 -7.45941 -7.6098 0.0124121
169 -7.51603 -7.60924 0.0123511
170 -7.56554 -7.60899 0.0122811
171 -7.5741 -7.60878 0.012211
172 -7.5548 -7.60847 0.012144
173 -7.51501 -7.60793 0.0120858
174 -7.55902 -7.60765 0.0120196
175 -7.55323 -7.60734 0.011955
176 -7.49363 -7.60669 0.0119045
177 -7.60025 -7.60665 0.0118373
178 -7.68279 -7.60708 0.0117785
179 -7.71928 -7.60771 0.0117294
180 -7.6969 -7.6082 0.0116747
181 -7.65278 -7.60845 0.0116128
182 -7.65565 -7.60871 0.0115519
183 -7.51666 -7.60821 0.0114997
184 -7.49199 -7.60758 0.0114545
185 -7.48552 -7.60692 0.0114116
186 -7.53483 -7.60653 0.0113568
187 -7.48103 -7.60586 0.0113159
188 -7.41166 -7.60482 0.0113027
189 -7.43396 -7.60392 0.011279
190 -7.48492 -7.60329 0.0112371
191 -7.43124 -7.60239 0.0112143
192 -7.50204 -7.60187 0.011168
193 -7.51698 -7.60143 0.0111188
194 -7.49662 -7.60089 0.0110746
195 -7.48966 -7.60032 0.0110325
196 -7.4775 -7.59969 0.010994
197 -7.49099 -7.59914 0.010952
198 -7.40948 -7.59818 0.0109385
199 -7.47469 -7.59756 0.0109012
200 -7.4379 -7.59676 0.0108758
201 -7.40532 -7.59581 0.0108634
202 -7.40388 -7.59486 0.0108511
203 -7.4102 -7.59395 0.0108357
204 -7.35798 -7.5928 0.0108441
205 -7.33259 -7.59153 0.0108652
206 -7.3312 -7.59026 0.0108857
207 -7.43435 -7.58951 0.0108592
208 -7.53221 -7.58923 0.0108105
209 -7.495 -7.58878 0.0107681
210 -7.5307 -7.58851 0.0107204
211 -7.60983 -7.58861 0.0106701
212 -7.60264 -7.58867 0.01062
213 -7.6271 -7.58885 0.0105716
214 -7.71859 -7.58946 0.0105396
215 -7.67998 -7.58988 0.010499
216 -7.75527 -7.59065 0.0104783
217 -7.69919 -7.59115 0.0104419
218 -7.71786 -7.59173 0.0104102
219 -7.75135 -7.59246 0.0103881
220 -7.78697 -7.59334 0.0103785
221 -7.78854 -7.59422 0.010369
222 -7.7965 -7.59514 0.0103623
223 -7.74185 -7.59579 0.0103367
224 -7.77033 -7.59657 0.0103198
225 -7.71406 -7.5971 0.0102872
226 -7.68701 -7.59749 0.0102494
227 -7.64155 -7.59769 0.010206
228 -7.6587 -7.59795 0.0101648
229 -7.68572 -7.59834 0.0101276
230 -7.66589 -7.59863 0.0100878
231 -7.59187 -7.5986 0.0100442
232 -7.6934 -7.59901 0.0100092
233 -7.69885 -7.59944 0.00997544
234 -7.70692 -7.5999 0.00994338
235 -7.65468 -7.60013 0.0099038
236 -7.70479 -7.60058 0.00987176
237 -7.67241 -7.60088 0.00983476
238 -7.69741 -7.60128 0.0098018
239 -7.70339 -7.60171 0.00977009
240 -7.74709 -7.60232 0.00974814
241 -7.72352 -7.60282 0.00972066
242 -7.67927 -7.60314 0.00968562
243 -7.66541 -7.60339 0.00964916
244 -7.62964 -7.6035 0.00961021
245 -7.60345 -7.6035 0.00957098
246 -7.55667 -7.60331 0.00953397
247 -7.52273 -7.60298 0.00950095
248 -7.52512 -7.60267 0.00946783
249 -7.49514 -7.60224 0.00943965
250 -7.57906 -7.60214 0.00940234
251 -7.61192 -7.60218 0.00936496
252 -7.61964 -7.60225 0.00932806
253 -7.54173 -7.60201 0.00929425
254 -7.38996 -7.60118 0.00929508
255 -7.37968 -7.60031 0.00929913
256 -7.35121 -7.59934 0.00931357
257 -7.37429 -7.59846 0.00931841
258 -7.40203 -7.5977 0.00931334
259 -7.43451 -7.59707 0.00929867
260 -7.45474 -7.59652 0.00927901
261 -7.50146 -7.59616 0.0092506
262 -7.49942 -7.59579 0.00922266
263 -7.40988 -7.59508 0.00921465
264 -7.52427 -7.59481 0.00918364
265 -7.49302 -7.59443 0.00915702
266 -7.45044 -7.59389 0.00913858
267 -7.5006 -7.59354 0.00911103
268 -7.50939 -7.59323 0.00908244
269 -7.5188 -7.59295 0.00905289
270 -7.50739 -7.59263 0.00902491
271 -7.45989 -7.59214 0.00900489
272 -7.52146 -7.59188 0.00897553
273 -7.5315 -7.59166 0.00894538
274 -7.56971 -7.59158 0.00891309
275 -7.57959 -7.59154 0.00888078
276 -7.62466 -7.59166 0.00884942
277 -7.58346 -7.59163 0.00881752
278 -7.63301 -7.59178 0.00878706
279 -7.57401 -7.59171 0.00875579
280 -7.51429 -7.59144 0.00872889
281 -7.498 -7.5911 0.00870415
282 -7.55801 -7.59099 0.00867408
283 -7.52299 -7.59075 0.00864676
284 -7.51423 -7.59048 0.00862051
285 -7.56081 -7.59037 0.00859089
286 -7.49257 -7.59003 0.00856765
287 -7.57678 -7.58998 0.00853792
288 -7.53757 -7.5898 0.00851022
289 -7.52104 -7.58956 0.0084841
290 -7.48597 -7.58921 0.00846236
291 -7.51447 -7.58895 0.00843717
292 -7.63657 -7.58911 0.00840986
293 -7.61195 -7.58919 0.00838151
294 -7.65366 -7.58941 0.00835587
295 -7.58999 -7.58941 0.00832755
296 -7.55567 -7.5893 0.0083002
297 -7.5291 -7.5891 0.00827472
298 -7.50514 -7.58881 0.00825175
299 -7.49447 -7.5885 0.00823018
300 -7.58972 -7.5885 0.00820275
301 -7.64394 -7.58869 0.00817756
302 -7.63506 -7.58884 0.00815193
303 -7.59962 -7.58888 0.0081251
304 -7.62823 -7.58901 0.00809941
305 -7.56237 -7.58892 0.00807332
306 -7.55506 -7.58881 0.0080477
307 -7.56613 -7.58873 0.00802182
308 -7.53697 -7.58857 0.00799754
309 -7.59218 -7.58858 0.00797166
310 -7.56114 -7.58849 0.00794644
311 -7.59495 -7.58851 0.00792091
312 -7.55946 -7.58842 0.00789607
313 -7.60031 -7.58845 0.00787094
314 -7.50069 -7.58817 0.00785083
315 -7.49915 -7.58789 0.007831
316 -7.5473 -7.58776 0.00780727
317 -7.612 -7.58784 0.00778301
318 -7.61808 -7.58794 0.00775912
319 -7.63232 -7.58807 0.00773604
320 -7.52239 -7.58787 0.00771459
321 -7.57994 -7.58784 0.0076906
322 -7.53016 -7.58767 0.0076688
323 -7.57672 -7.58763 0.00764513
324 -7.60459 -7.58768 0.00762171
325 -7.62202 -7.58779 0.00759899
326 -7.65619 -7.588 0.00757858
327 -7.6425 -7.58817 0.00755724
328 -7.59838 -7.5882 0.00753426
329 -7.5801 -7.58817 0.0075114
330 -7.57721 -7.58814 0.00748871
331 -7.64865 -7.58832 0.00746832
332 -7.64343 -7.58849 0.00744767
333 -7.66195 -7.58871 0.00742857
334 -7.6374 -7.58885 0.00740776
335 -7.61071 -7.58892 0.00738593
336 -7.61934 -7.58901 0.00736451
337 -7.6097 -7.58907 0.00734291
338 -7.62827 -7.58919 0.0073221
339 -7.60847 -7.58924 0.00730072
340 -7.44819 -7.58883 0.00729103
341 -7.50292 -7.58858 0.007274
342 -7.56682 -7.58851 0.00725301
343 -7.61765 -7.5886 0.00723236
344 -7.62812 -7.58871 0.00721225
345 -7.61404 -7.58879 0.00719172
346 -7.57921 -7.58876 0.00717098
347 -7.64461 -7.58892 0.00715212
348 -7.61497 -7.589 0.00713196
349 -7.57544 -7.58896 0.00711163
350 -7.5412 -7.58882 0.00709262
351 -7.50642 -7.58859 0.0070763
352 -7.45404 -7.5882 0.00706651
353 -7.42332 -7.58774 0.00706191
354 -7.42527 -7.58728 0.00705686
355 -7.3409 -7.58658 0.00707103
356 -7.32269 -7.58584 0.00708991
357 -7.33399 -7.58514 0.00710507
358 -7.40781 -7.58464 0.00710246
359 -7.47163 -7.58433 0.00708965
360 -7.51502 -7.58413 0.00707257
361 -7.58566 -7.58414 0.00705298
362 -7.51859 -7.58396 0.00703582
363 -7.38793 -7.58342 0.00703713
364 -7.37715 -7.58285 0.00704058
365 -7.36548 -7.58225 0.00704643
366 -7.40562 -7.58177 0.00704369
367 -7.45248 -7.58142 0.0070333
368 -7.44702 -7.58105 0.00702366
369 -7.43873 -7.58067 0.00701521
370 -7.40092 -7.58018 0.00701305
371 -7.48575 -7.57993 0.00699877
372 -7.47491 -7.57965 0.00698564
373 -7.42567 -7.57923 0.0069791
374 -7.37323 -7.57868 0.00698214
375 -7.35232 -7.57808 0.00698957
376 -7.38872 -7.57758 0.0069891
377 -7.44057 -7.57721 0.00698
378 -7.47676 -7.57695 0.00696659
379 -7.50759 -7.57676 0.00695062
380 -7.5135 -7.5766 0.00693432
381 -7.47158 -7.57632 0.00692159
382 -7.49931 -7.57612 0.00690641
383 -7.51921 -7.57597 0.00688997
384 -7.49825 -7.57577 0.006875
385 -7.43057 -7.57539 0.00686748
386 -7.40224 -7.57494 0.00686433
387 -7.44096 -7.5746 0.00685531
388 -7.49904 -7.5744 0.00684041
389 -7.53583 -7.5743 0.00682354
390 -7.52646 -7.57418 0.00680715
391 -7.50312 -7.574 0.00679217
392 -7.43508 -7.57364 0.00678408
393 -7.39229 -7.57318 0.00678249
394 -7.39398 -7.57273 0.00678051
395 -7.4634 -7.57245 0.00676899
396 -7.46442 -7.57218 0.00675739
397 -7.45486 -7.57188 0.00674683
398 -7.46003 -7.5716 0.00673573
399 -7.44731 -7.57129 0.00672605
400 -7.4874 -7.57108 0.0067125
401 -7.49561 -7.57089 0.0066984
402 -7.45586 -7.57061 0.00668785
403 -7.41383 -7.57022 0.00668256
404 -7.46166 -7.56995 0.00667142
405 -7.40556 -7.56954 0.00666728
406 -7.42169 -7.56918 0.0066608
407 -7.3758 -7.5687 0.00666136
408 -7.42443 -7.56835 0.00665441
409 -7.42273 -7.56799 0.00664766
410 -7.41375 -7.56762 0.00664208
411 -7.40871 -7.56723 0.00663716
412 -7.41969 -7.56687 0.00663071
413 -7.48349 -7.56667 0.00661772
414 -7.46225 -7.56642 0.00660654
415 -7.45055 -7.56614 0.00659652
416 -7.45771 -7.56588 0.00658581
417 -7.4561 -7.56562 0.00657528
418 -7.53237 -7.56554 0.00656003
419 -7.4941 -7.56537 0.00654659
420 -7.45153 -7.56509 0.00653661
421 -7.43692 -7.56479 0.00652817
422 -7.54954 -7.56475 0.0065128
423 -7.61964 -7.56488 0.00649869
424 -7.61845 -7.56501 0.00648459
425 -7.55609 -7.56499 0.00646937
426 -7.56803 -7.565 0.00645419
427 -7.57922 -7.56503 0.00643916
428 -7.44813 -7.56476 0.0064299
429 -7.51102 -7.56463 0.00641613
430 -7.5373 -7.56457 0.00640153
431 -7.51499 -7.56445 0.00638771
432 -7.53624 -7.56439 0.00637326
433 -7.58309 -7.56443 0.00635868
434 -7.5355 -7.56436 0.00634438
435 -7.57777 -7.56439 0.00632987
436 -7.50295 -7.56425 0.00631692
437 -7.46609 -7.56403 0.00630646
438 -7.50413 -7.56389 0.00629354
439 -7.53852 -7.56383 0.00627947
440 -7.52099 -7.56374 0.00626596
441 -7.50885 -7.56361 0.00625298
442 -7.52855 -7.56353 0.00623934
443 -7.54939 -7.5635 0.00622534
444 -7.52923 -7.56342 0.00621179
445 -7.50331 -7.56329 0.0061993
446 -7.52088 -7.56319 0.00618613
447 -7.57369 -7.56322 0.00617234
448 -7.54661 -7.56318 0.00615867
449 -7.57725 -7.56321 0.00614504
450 -7.54629 -7.56317 0.0061315
451 -7.43884 -7.5629 0.0061241
452 -7.52399 -7.56281 0.00611115
453 -7.54864 -7.56278 0.00609774
454 -7.574 -7.56281 0.00608436
455 -7.61128 -7.56291 0.00607192
456 -7.53317 -7.56285 0.00605896
457 -7.58351 -7.56289 0.00604587
458 -7.68999 -7.56317 0.00603903
459 -7.68474 -7.56343 0.00603168
460 -7.61171 -7.56354 0.00601948
461 -7.57927 -7.56357 0.00600652
462 -7.56431 -7.56358 0.00599352
463 -7.58616 -7.56362 0.00598077
464 -7.55721 -7.56361 0.0059679
465 -7.55037 -7.56358 0.00595513
466 -7.47175 -7.56338 0.00594561
467 -7.44547 -7.56313 0.00593824
468 -7.43591 -7.56286 0.00593177
469 -7.51287 -7.56275 0.00592008
470 -7.46671 -7.56255 0.00591101
471 -7.46589 -7.56234 0.00590202
472 -7.43518 -7.56207 0.00589566
473 -7.53086 -7.56201 0.00588357
474 -7.49758 -7.56187 0.00587272
475 -7.50036 -7.56174 0.00586179
476 -7.49721 -7.56161 0.00585104
477 -7.48746 -7.56145 0.00584084
478 -7.51809 -7.56136 0.00582933
479 -7.53104 -7.5613 0.0058175
480 -7.51114 -7.56119 0.00580632
481 -7.5532 -7.56118 0.00579427
482 -7.50036 -7.56105 0.00578362
483 -7.51364 -7.56095 0.00577248
484 -7.59543 -7.56102 0.00576099
485 -7.5922 -7.56109 0.00574947
486 -7.57308 -7.56111 0.0057377
487 -7.55611 -7.5611 0.00572592
488 -7.59966 -7.56118 0.00571474
489 -7.64146 -7.56135 0.00570541
490 -7.62585 -7.56148 0.00569528
491 -7.50021 -7.56135 0.00568505
492 -7.5116 -7.56125 0.00567439
493 -7.56111 -7.56125 0.00566288
494 -7.50103 -7.56113 0.00565273
495 -7.53237 -7.56107 0.00564161
496 -7.53088 -7.56101 0.00563057
497 -7.57173 -7.56103 0.00561928
498 -7.6608 -7.56123 0.00561156
499 -7.6511 -7.56141 0.00560321
500 -7.67504 -7.56164 0.00559661
501 -7.69777 -7.56191 0.00559203
502 -7.68347 -7.56215 0.00558613
503 -7.632 -7.56229 0.00557675
504 -7.62789 -7.56242 0.0055672
505 -7.62453 -7.56255 0.00555754
506 -7.59609 -7.56261 0.00554695
507 -7.58288 -7.56265 0.00553615
508 -7.59209 -7.56271 0.00552556
509 -7.56511 -7.56271 0.0055147
510 -7.56182 -7.56271 0.00550389
511 -7.53585 -7.56266 0.00549337
512 -7.58417 -7.5627 0.0054828
513 -7.70666 -7.56298 0.00547929
514 -7.60939 -7.56307 0.00546938
515 -7.63337 -7.56321 0.00546046
516 -7.60546 -7.56329 0.00545049
517 -7.68447 -7.56353 0.00544498
518 -7.66031 -7.56371 0.00543768
519 -7.64544 -7.56387 0.00542948
520 -7.61764 -7.56397 0.00542002
521 -7.61629 -7.56407 0.00541055
522 -7.59795 -7.56414 0.00540058
523 -7.56981 -7.56415 0.00539026
524 -7.58336 -7.56419 0.0053801
525 -7.51639 -7.5641 0.00537062
526 -7.57291 -7.56411 0.00536044
527 -7.60653 -7.56419 0.00535087
528 -7.63528 -7.56433 0.00534243
529 -7.63696 -7.56446 0.00533409
530 -7.61433 -7.56456 0.00532486
531 -7.60467 -7.56463 0.00531537
532 -7.69859 -7.56489 0.00531134
533 -7.72531 -7.56519 0.00530989
534 -7.64397 -7.56533 0.005302
535 -7.5988 -7.5654 0.00529246
536 -7.61315 -7.56549 0.00528333
537 -7.52557 -7.56541 0.00527402
538 -7.50744 -7.5653 0.00526531
539 -7.41876 -7.56503 0.00526256
540 -7.44959 -7.56482 0.00525715
541 -7.49392 -7.56469 0.00524907
542 -7.47388 -7.56452 0.00524206
543 -7.37016 -7.56416 0.00524461
544 -7.52801 -7.5641 0.00523539
545 -7.44556 -7.56388 0.0052303
546 -7.39512 -7.56357 0.00522985
547 -7.35808 -7.56319 0.00523376
548 -7.33483 -7.56278 0.00524077
549 -7.3522 -7.56239 0.00524524
550 -7.41891 -7.56213 0.00524219
551 -7.52102 -7.56206 0.00523321
552 -7.53384 -7.56201 0.00522398
553 -7.50113 -7.5619 0.00521569
554 -7.46806 -7.56173 0.00520902
555 -7.46817 -7.56156 0.00520237
556 -7.45307 -7.56136 0.00519667
557 -7.41765 -7.56111 0.00519374
558 -7.51831 -7.56103 0.005185
559 -7.48787 -7.5609 0.00517737
560 -7.48772 -7.56077 0.00516978
561 -7.50032 -7.56066 0.00516168
562 -7.46408 -7.56049 0.00515536
563 -7.52243 -7.56042 0.00514665
564 -7.6009 -7.56049 0.00513802
565 -7.59877 -7.56056 0.00512937
566 -7.63064 -7.56068 0.00512181
567 -7.56369 -7.56069 0.00511277
568 -7.62682 -7.5608 0.0051051
569 -7.60958 -7.56089 0.00509685
570 -7.6209 -7.561 0.00508899
571 -7.55032 -7.56098 0.00508011
572 -7.61946 -7.56108 0.00507226
573 -7.65017 -7.56123 0.00506579
574 -7.55547 -7.56122 0.00505698
575 -7.4948 -7.56111 0.0050495
576 -7.53896 -7.56107 0.00504088
577 -7.59784 -7.56113 0.00503255
578 -7.64583 -7.56128 0.00502597
579 -7.69448 -7.56151 0.00502256
580 -7.67762 -7.56171 0.00501788
581 -7.68545 -7.56192 0.00501376
582 -7.65909 -7.56209 0.00500793
583 -7.71 -7.56234 0.00500576
584 -7.69724 -7.56258 0.00500252
585 -7.69299 -7.5628 0.00499893
586 -7.6719 -7.56298 0.00499386
587 -7.54037 -7.56295 0.00498551
588 -7.52514 -7.56288 0.00497744
589 -7.48322 -7.56275 0.00497083
590 -7.37224 -7.56242 0.00497288
591 -7.32753 -7.56203 0.00498032
592 -7.43029 -7.5618 0.00497688
593 -7.46934 -7.56165 0.00497093
594 -7.43786 -7.56144 0.00496693
595 -7.46808 -7.56128 0.00496106
596 -7.45161 -7.5611 0.00495614
597 -7.41613 -7.56086 0.00495379
598 -7.46108 -7.56069 0.00494831
599 -7.55268 -7.56068 0.00494007
600 -7.54071 -7.56064 0.00493195
601 -7.57576 -7.56067 0.00492381
602 -7.50743 -7.56058 0.00491642
603 -7.48845 -7.56046 0.00490972
604 -7.49085 -7.56034 0.00490295
605 -7.48906 -7.56023 0.00489626
606 -7.49119 -7.56011 0.0048895
607 -7.45494 -7.55994 0.00488452
608 -7.45746 -7.55977 0.00487939
609 -7.47317 -7.55963 0.00487345
610 -7.453 -7.55945 0.00486859
611 -7.45178 -7.55928 0.00486381
612 -7.33103 -7.5589 0.00487014
613 -7.39602 -7.55864 0.00486944
614 -7.45767 -7.55847 0.00486429
615 -7.42244 -7.55825 0.00486141
616 -7.50211 -7.55816 0.00485437
617 -7.52952 -7.55812 0.00484672
618 -7.43702 -7.55792 0.00484284
619 -7.35872 -7.5576 0.0048457
620 -7.40322 -7.55735 0.00484427
621 -7.50784 -7.55727 0.00483713
622 -7.5251 -7.55722 0.00482963
623 -7.51603 -7.55715 0.00482233
624 -7.58419 -7.55719 0.0048148
625 -7.60431 -7.55727 0.00480768
626 -7.58054 -7.55731 0.00480015
627 -7.54138 -7.55728 0.00479256
628 -7.53981 -7.55725 0.00478501
629 -7.57802 -7.55729 0.00477751
630 -7.56739 -7.5573 0.00476996
631 -7.55402 -7.5573 0.0047624
632 -7.52899 -7.55725 0.00475508
633 -7.65487 -7.55741 0.00475006
634 -7.60198 -7.55748 0.00474309
635 -7.60896 -7.55756 0.00473631
636 -7.59008 -7.55761 0.00472914
637 -7.58462 -7.55765 0.00472191
638 -7.58364 -7.55769 0.00471468
639 -7.63149 -7.55781 0.00470872
640 -7.58257 -7.55785 0.00470152
641 -7.59324 -7.5579 0.00469451
642 -7.54219 -7.55788 0.00468726
643 -7.63101 -7.55799 0.00468135
644 -7.60329 -7.55806 0.00467461
645 -7.59556 -7.55812 0.00466773
646 -7.52954 -7.55808 0.00466071
647 -7.61605 -7.55817 0.00465437
648 -7.64754 -7.5583 0.00464923
649 -7.58657 -7.55835 0.00464227
650 -7.60733 -7.55842 0.00463574
651 -7.63146 -7.55853 0.00462997
652 -7.56243 -7.55854 0.00462288
653 -7.56165 -7.55855 0.0046158
654 -7.55113 -7.55853 0.00460876
655 -7.61195 -7.55862 0.00460244
656 -7.55216 -7.55861 0.00459544
657 -7.47873 -7.55848 0.00459005
658 -7.46484 -7.55834 0.00458528
659 -7.52198 -7.55829 0.00457865
660 -7.52708 -7.55824 0.00457196
661 -7.5084 -7.55816 0.00456567
662 -7.59317 -7.55822 0.00455907
663 -7.53699 -7.55818 0.00455231
664 -7.53404 -7.55815 0.0045456
665 -7.51076 -7.55808 0.00453932
666 -7.53757 -7.55805 0.00453261
667 -7.61355 -7.55813 0.00452658
668 -7.64692 -7.55826 0.00452176
669 -7.62002 -7.55835 0.00451594
670 -7.57601 -7.55838 0.00450927
671 -7.51185 -7.55831 0.00450309
672 -7.48651 -7.5582 0.00449765
673 -7.40538 -7.55798 0.0044967
674 -7.42701 -7.55778 0.00449423
675 -7.50733 -7.55771 0.00448819
676 -7.45034 -7.55755 0.00448436
677 -7.49262 -7.55745 0.00447876
678 -7.57935 -7.55749 0.00447227
679 -7.64148 -7.55761 0.00446739
680 -7.62877 -7.55771 0.00446205
681 -7.59235 -7.55777 0.00445579
682 -7.61617 -7.55785 0.00445008
683 -7.56138 -7.55786 0.00444357
684 -7.52368 -7.55781 0.00443735
685 -7.50898 -7.55773 0.00443144
686 -7.5025 -7.55765 0.00442572
687 -7.54348 -7.55763 0.00441932
688 -7.64411 -7.55776 0.00441469
689 -7.60399 -7.55783 0.00440879
690 -7.55094 -7.55782 0.00440241
691 -7.5618 -7.55782 0.00439604
692 -7.60135 -7.55789 0.00439014
693 -7.54808 -7.55787 0.00438383
694 -7.60119 -7.55793 0.00437796
695 -7.55575 -7.55793 0.00437166
696 -7.63302 -7.55804 0.00436671
697 -7.56811 -7.55805 0.00436047
698 -7.5745 -7.55808 0.00435428
699 -7.54556 -7.55806 0.00434809
700 -7.50801 -7.55799 0.00434247
701 -7.53012 -7.55795 0.00433645
702 -7.596 -7.558 0.00433062
703 -7.58223 -7.55804 0.00432459
704 -7.60659 -7.5581 0.004319
705 -7.57147 -7.55812 0.00431291
706 -7.56895 -7.55814 0.00430683
707 -7.54131 -7.55812 0.00430081
708 -7.573 -7.55814 0.00429478
709 -7.54711 -7.55812 0.00428875
710 -7.57557 -7.55815 0.00428278
711 -7.59344 -7.55819 0.00427705
712 -7.61743 -7.55828 0.00427185
713 -7.56549 -7.55829 0.00426587
714 -7.57257 -7.55831 0.00425994
715 -7.52533 -7.55826 0.00425424
716 -7.49288 -7.55817 0.00424927
717 -7.46306 -7.55804 0.00424542
718 -7.47943 -7.55793 0.00424092
719 -7.56841 -7.55794 0.00423504
720 -7.55082 -7.55793 0.00422917
721 -7.53039 -7.5579 0.00422348
722 -7.57506 -7.55792 0.0042177
723 -7.52519 -7.55787 0.00421211
724 -7.53013 -7.55784 0.00420646
725 -7.51975 -7.55778 0.00420099
726 -7.55634 -7.55778 0.0041952
727 -7.57414 -7.5578 0.00418949
728 -7.58893 -7.55785 0.00418396
729 -7.64104 -7.55796 0.00417977
730 -7.58613 -7.558 0.00417422
731 -7.66307 -7.55814 0.00417099
732 -7.63157 -7.55824 0.0041665
733 -7.65101 -7.55837 0.00416273
734 -7.59268 -7.55842 0.00415732
735 -7.56461 -7.55842 0.00415168
736 -7.56722 -7.55844 0.00414605
737 -7.55161 -7.55843 0.00414044
738 -7.55111 -7.55842 0.00413484
739 -7.57405 -7.55844 0.0041293
740 -7.56446 -7.55845 0.00412373
741 -7.51844 -7.55839 0.00411851
742 -7.5228 -7.55834 0.00411324
743 -7.61034 -7.55841 0.0041083
744 -7.6395 -7.55852 0.00410423
745 -7.63706 -7.55863 0.00410007
746 -7.69855 -7.55882 0.00409886
747 -7.70933 -7.55902 0.00409833
748 -7.71564 -7.55923 0.00409819
749 -7.74274 -7.55947 0.00410004
750 -7.7562 -7.55973 0.00410295
751 -7.66737 -7.55988 0.00409999
752 -7.69699 -7.56006 0.00409859
753 -7.64451 -7.56017 0.00409468
754 -7.57897 -7.5602 0.00408933
755 -7.55095 -7.56019 0.00408393
756 -7.57146 -7.5602 0.00407855
757 -7.57214 -7.56022 0.0040732
758 -7.58431 -7.56025 0.00406795
759 -7.55347 -7.56024 0.0040626
760 -7.70893 -7.56043 0.00406196
761 -7.68332 -7.5606 0.00405983
762 -7.76578 -7.56087 0.00406342
763 -7.69728 -7.56104 0.00406203
764 -7.83504 -7.5614 0.00407251
765 -7.73823 -7.56163 0.00407374
766 -7.79682 -7.56194 0.00407998
767 -7.75162 -7.56219 0.00408215
768 -7.74764 -7.56243 0.00408397
769 -7.70516 -7.56262 0.00408287
770 -7.75612 -7.56287 0.0040853
771 -7.73322 -7.56309 0.00408597
772 -7.68297 -7.56324 0.00408363
773 -7.69738 -7.56342 0.00408203
774 -7.67788 -7.56356 0.00407943
775 -7.67923 -7.56371 0.0040769
776 -7.60549 -7.56377 0.004072
777 -7.58221 -7.56379 0.00406683
778 -7.6451 -7.5639 0.00406295
779 -7.63694 -7.56399 0.00405881
780 -7.6418 -7.56409 0.00405483
781 -7.58779 -7.56412 0.00404976
782 -7.58619 -7.56415 0.00404468
783 -7.58686 -7.56418 0.00403961
784 -7.58237 -7.5642 0.00403453
785 -7.59793 -7.56424 0.00402962
786 -7.65314 -7.56436 0.00402608
787 -7.62259 -7.56443 0.00402164
788 -7.58552 -7.56446 0.00401663
789 -7.55667 -7.56445 0.00401155
790 -7.58329 -7.56447 0.00400654
791 -7.5596 -7.56446 0.00400148
792 -7.6381 -7.56456 0.00399751
793 -7.59765 -7.5646 0.00399269
794 -7.55673 -7.56459 0.00398767
795 -7.53267 -7.56455 0.00398286
796 -7.61767 -7.56462 0.00397841
797 -7.59256 -7.56465 0.00397357
798 -7.54139 -7.56462 0.0039687
799 -7.55348 -7.56461 0.00396376
800 -7.57794 -7.56462 0.00395884
801 -7.50074 -7.56454 0.0039547
802 -7.5699 -7.56455 0.00394977
803 -7.56905 -7.56456 0.00394486
804 -7.60501 -7.56461 0.00394027
805 -7.65019 -7.56471 0.00393681
806 -7.65065 -7.56482 0.00393337
807 -7.60921 -7.56488 0.00392888
808 -7.57229 -7.56488 0.00392403
809 -7.56468 -7.56488 0.00391918
810 -7.61636 -7.56495 0.00391486
811 -7.62476 -7.56502 0.00391072
812 -7.59388 -7.56506 0.00390607
813 -7.66074 -7.56517 0.00390304
814 -7.62526 -7.56525 0.00389894
815 -7.61122 -7.5653 0.00389456
816 -7.60537 -7.56535 0.0038901
817 -7.6233 -7.56542 0.00388599
818 -7.62075 -7.56549 0.00388182
819 -7.59842 -7.56553 0.00387729
820 -7.62834 -7.56561 0.00387332
821 -7.66548 -7.56573 0.00387051
822 -7.69751 -7.56589 0.00386912
823 -7.61811 -7.56595 0.00386494
824 -7.66183 -7.56607 0.003862
825 -7.6642 -7.56619 0.00385915
826 -7.65621 -7.5663 0.00385602
827 -7.66257 -7.56642 0.00385311
828 -7.64701 -7.56651 0.00384969
829 -7.71813 -7.5667 0.00384939
830 -7.63674 -7.56678 0.00384567
831 -7.62629 -7.56685 0.00384171
832 -7.55921 -7.56684 0.00383711
833 -7.54134 -7.56681 0.00383262
834 -7.57799 -7.56683 0.00382805
835 -7.51869 -7.56677 0.0038239
836 -7.44427 -7.56662 0.00382213
837 -7.38903 -7.56641 0.00382345
838 -7.40321 -7.56621 0.00382384
839 -7.53941 -7.56618 0.00381942
840 -7.65787 -7.56629 0.00381643
841 -7.67408 -7.56642 0.00381405
842 -7.56274 -7.56642 0.00380952
843 -7.58065 -7.56643 0.00380504
844 -7.56976 -7.56644 0.00380053
845 -7.61459 -7.56649 0.00379646
846 -7.63964 -7.56658 0.00379296
847 -7.58544 -7.5666 0.00378854
848 -7.65532 -7.56671 0.00378552
849 -7.66018 -7.56682 0.00378266
850 -7.62396 -7.56688 0.00377881
851 -7.57715 -7.5669 0.00377439
852 -7.60545 -7.56694 0.00377023
853 -7.62734 -7.56701 0.00376648
854 -7.61127 -7.56706 0.00376242
855 -7.58247 -7.56708 0.00375806
856 -7.55025 -7.56706 0.00375373
857 -7.6234 -7.56713 0.00374992
858 -7.62091 -7.56719 0.00374607
859 -7.52632 -7.56714 0.00374202
860 -7.53985 -7.56711 0.0037378
861 -7.42721 -7.56695 0.00373699
862 -7.41267 -7.56677 0.00373694
863 -7.47497 -7.56666 0.00373412
864 -7.47889 -7.56656 0.00373118
865 -7.45659 -7.56643 0.00372903
866 -7.50961 -7.56637 0.0037253
867 -7.61065 -7.56642 0.00372136
868 -7.6487 -7.56651 0.00371828
869 -7.68326 -7.56665 0.00371642
870 -7.64081 -7.56673 0.00371313
871 -7.7007 -7.56689 0.00371205
872 -7.69498 -7.56704 0.0037107
873 -7.65582 -7.56714 0.00370784
874 -7.65959 -7.56724 0.00370511
875 -7.61611 -7.5673 0.00370129
876 -7.60532 -7.56734 0.00369732
877 -7.61489 -7.5674 0.0036935
878 -7.65981 -7.5675 0.0036908
879 -7.58644 -7.56752 0.00368666
880 -7.55603 -7.56751 0.0036825
881 -7.59818 -7.56754 0.00367848
882 -7.59084 -7.56757 0.0036744
883 -7.57195 -7.56758 0.00367025
884 -7.57432 -7.56758 0.0036661
885 -7.52834 -7.56754 0.00366223
886 -7.54387 -7.56751 0.00365819
887 -7.64349 -7.5676 0.00365507
888 -7.53013 -7.56756 0.0036512
889 -7.55046 -7.56754 0.00364714
890 -7.62384 -7.5676 0.00364359
891 -7.63886 -7.56768 0.00364038
892 -7.58587 -7.5677 0.00363636
893 -7.66549 -7.56781 0.00363393
894 -7.62108 -7.56787 0.00363036
895 -7.61149 -7.56792 0.00362663
896 -7.65256 -7.56801 0.00362381
897 -7.61045 -7.56806 0.00362008
898 -7.57369 -7.56807 0.00361605
899 -7.53745 -7.56803 0.00361219
900 -7.60568 -7.56807 0.00360842
901 -7.61985 -7.56813 0.00360487
902 -7.57152 -7.56814 0.00360088
903 -7.54629 -7.56811 0.00359697
904 -7.5278 -7.56807 0.00359327
905 -7.62471 -7.56813 0.00358984
906 -7.62881 -7.5682 0.00358651
907 -7.64136 -7.56828 0.00358346
908 -7.65455 -7.56837 0.00358077
909 -7.72933 -7.56855 0.00358121
910 -7.68009 -7.56867 0.00357937
911 -7.67848 -7.56879 0.00357747
912 -7.63069 -7.56886 0.00357419
913 -7.63019 -7.56893 0.00357091
914 -7.64631 -7.56901 0.003568
915 -7.62684 -7.56907 0.00356466
916 -7.62679 -7.56914 0.00356133
917 -7.59778 -7.56917 0.00355758
918 -7.57992 -7.56918 0.00355373
919 -7.5521 -7.56916 0.00354991
920 -7.51289 -7.5691 0.00354658
921 -7.58905 -7.56912 0.00354279
922 -7.60486 -7.56916 0.00353916
923 -7.5578 -7.56915 0.00353535
924 -7.52185 -7.5691 0.00353189
925 -7.53102 -7.56906 0.00352831
926 -7.53347 -7.56902 0.00352471
927 -7.55372 -7.569 0.00352095
928 -7.5555 -7.56899 0.00351719
929 -7.53066 -7.56895 0.00351364
930 -7.53463 -7.56891 0.00351006
931 -7.48476 -7.56882 0.00350745
932 -7.587 -7.56884 0.00350374
933 -7.65745 -7.56893 0.00350127
934 -7.63809 -7.56901 0.00349831
935 -7.51993 -7.56895 0.00349496
936 -7.4158 -7.56879 0.00349505
937 -7.45816 -7.56867 0.00349332
938 -7.50319 -7.5686 0.00349029
939 -7.46435 -7.56849 0.00348834
940 -7.48132 -7.5684 0.00348586
941 -7.46498 -7.56829 0.00348389
942 -7.53956 -7.56826 0.00348032
943 -7.46291 -7.56815 0.00347843
944 -7.59661 -7.56818 0.00347487
945 -7.59532 -7.56821 0.00347131
946 -7.62539 -7.56827 0.00346817
947 -7.66902 -7.56837 0.00346614
948 -7.57605 -7.56838 0.00346249
949 -7.56452 -7.56838 0.00345885
950 -7.51461 -7.56832 0.00345567
951 -7.53049 -7.56828 0.00345226
952 -7.44469 -7.56815 0.00345108
953 -7.47989 -7.56806 0.0034487
954 -7.43159 -7.56792 0.00344805
955 -7.45488 -7.5678 0.00344647
956 -7.51779 -7.56774 0.00344326
957 -7.50738 -7.56768 0.00344024
958 -7.47795 -7.56759 0.00343792
959 -7.48777 -7.5675 0.00343535
960 -7.47661 -7.56741 0.00343307
961 -7.41938 -7.56726 0.00343295
962 -7.47179 -7.56716 0.00343082
963 -7.55769 -7.56715 0.00342727
964 -7.57208 -7.56715 0.00342372
965 -7.5748 -7.56716 0.00342018
966 -7.65806 -7.56725 0.00341793
967 -7.5825 -7.56727 0.00341444
968 -7.54072 -7.56724 0.00341102
969 -7.62121 -7.5673 0.00340795
970 -7.59068 -7.56732 0.00340453
971 -7.60698 -7.56736 0.00340126
972 -7.54836 -7.56734 0.00339782
973 -7.60174 -7.56738 0.00339451
974 -7.58225 -7.56739 0.00339106
975 -7.48254 -7.56731 0.0033887
976 -7.51826 -7.56726 0.0033856
977 -7.60736 -7.5673 0.00338239
978 -7.61027 -7.56734 0.00337921
979 -7.59337 -7.56737 0.00337586
980 -7.67224 -7.56748 0.00337412
981 -7.69566 -7.56761 0.00337321
982 -7.7031 -7.56774 0.00337259
983 -7.65913 -7.56784 0.00337044
984 -7.70811 -7.56798 0.00337003
985 -7.68446 -7.5681 0.00336868
986 -7.72641 -7.56826 0.00336909
987 -7.66552 -7.56836 0.00336712
988 -7.65341 -7.56844 0.00336481
989 -7.67306 -7.56855 0.00336307
990 -7.66391 -7.56865 0.00336105
991 -7.62936 -7.56871 0.00335822
992 -7.67098 -7.56881 0.00335641
993 -7.62419 -7.56887 0.0033535
994 -7.64059 -7.56894 0.0033509
995 -7.65319 -7.56902 0.0033486
996 -7.55064 -7.569 0.00334529
997 -7.52968 -7.56896 0.00334217
998 -7.52656 -7.56892 0.00333909
999 -7.56799 -7.56892 0.00333575
1000 -7.59272 -7.56894 0.0033325
