1 -0.24 -0.24 0
2 -0.32 -0.28 0.04
3 -0.04 -0.2 0.0832666
4 0.16 -0.11 0.107548
5 -0.04 -0.096 0.0844748
6 0.2 -0.0466667 0.0848004
7 0.2 -0.0114286 0.0798638
8 -0.04 -0.015 0.0692563
9 0.24 0.0133333 0.06733
10 0.2 0.032 0.0630485
11 0.16 0.0436364 0.0582045
12 0.24 0.06 0.0555959
13 0.16 0.0676923 0.0517161
14 0.28 0.0828571 0.050224
15 -0.16 0.0666667 0.0494798
16 -0.12 0.055 0.0477319
17 0.2 0.0635294 0.0456404
18 0.08 0.0644444 0.0430399
19 -0.24 0.0484211 0.0437514
20 0.16 0.054 0.0418795
21 0.4 0.0704762 0.0431083
22 0.24 0.0781818 0.0418182
23 0.28 0.0869565 0.0409108
24 0.2 0.0916667 0.0394512
25 -0.2 0.08 0.039598
26 -0.24 0.0676923 0.0399858
27 -0.36 0.0518519 0.0416095
28 -0.2 0.0428571 0.0410924
29 0.12 0.0455172 0.0397393
30 0 0.044 0.0384217
31 -0.16 0.0374194 0.0377398
32 0.04 0.0375 0.0365415
33 0.2 0.0424242 0.0357576
34 0.04 0.0423529 0.03469
35 -0.16 0.0365714 0.0341769
36 -0.12 0.0322222 0.0334975
37 -0.16 0.027027 0.0329912
38 -0.2 0.0210526 0.0326623
39 -0.08 0.0184615 0.0319191
40 -0.08 0.016 0.0312082
41 -0.04 0.0146341 0.0304681
42 0.04 0.0152381 0.0297399
43 0.12 0.0176744 0.0291421
44 0.16 0.0209091 0.0286552
45 0.08 0.0222222 0.028042
46 0.12 0.0243478 0.0275078
47 0.08 0.0255319 0.0269422
48 -0.12 0.0225 0.0265487
49 0.08 0.0236735 0.0260277
50 0.04 0.024 0.0255039
51 0.08 0.025098 0.0250229
52 0.08 0.0261538 0.0245597
53 0.12 0.0279245 0.0241568
54 -0.24 0.022963 0.0242189
55 -0.28 0.0174545 0.0244043
56 -0.12 0.015 0.0240899
57 -0.12 0.0126316 0.0237818
58 0.08 0.0137931 0.023397
59 -0.08 0.0122034 0.0230519
60 0.08 0.0133333 0.0226926
61 -0.08 0.0118033 0.0223699
62 0.16 0.0141935 0.0221355
63 0.04 0.0146032 0.0217852
64 -0.04 0.01375 0.0214591
65 -0.16 0.0110769 0.0212948
66 0.08 0.0121212 0.0209956
67 -0.04 0.0113433 0.0206945
68 0.28 0.0152941 0.0207672
69 0.2 0.017971 0.0206383
70 0 0.0177143 0.020343
71 -0.16 0.0152113 0.02021
72 -0.08 0.0138889 0.0199712
73 0 0.0136986 0.0196966
74 -0.16 0.0113514 0.0195699
75 -0.4 0.00586667 0.0200711
76 -0.32 0.00157895 0.0202641
77 -0.16 -0.000519481 0.020109
78 -0.2 -0.00307692 0.0200136
79 -0.12 -0.00455696 0.019814
80 0.12 -0.003 0.0196266
81 0.24 1.50771e-17 0.0196136
82 0.12 0.00146341 0.0194281
83 0.16 0.00337349 0.0192874
84 0.16 0.0052381 0.0191474
85 -0.04 0.00470588 0.0189283
86 -0.04 0.00418605 0.0187141
87 0.08 0.00505747 0.0185183
88 -0.32 0.00136364 0.0186756
89 0.12 0.00269663 0.0185126
90 -0.12 0.00133333 0.0183564
91 0.04 0.00175824 0.0181586
92 0 0.00173913 0.0179601
93 -0.2 -0.000430108 0.0178979
94 -0.12 -0.00170213 0.0177521
95 -0.28 -0.00463158 0.0178069
96 -0.28 -0.0075 0.0178523
97 -0.6 -0.0136082 0.0186935
98 -0.4 -0.017551 0.0189172
99 -0.12 -0.0185859 0.0187537
100 -0.16 -0.02 0.018619
101 -0.16 -0.0213861 0.0184858
102 0.08 -0.0203922 0.0183306
103 0.28 -0.0174757 0.0183846
104 0.24 -0.015 0.0183745
105 0.16 -0.0133333 0.0182748
106 -0.12 -0.0143396 0.0181295
107 -0.24 -0.0164486 0.0180827
108 -0.08 -0.017037 0.0179241
109 -0.08 -0.0176147 0.0177683
110 0.04 -0.0170909 0.0176138
111 0.2 -0.0151351 0.0175637
112 -0.24 -0.0171429 0.0175216
113 -0.08 -0.0176991 0.0173747
114 0.04 -0.017193 0.0172291
115 0.04 -0.0166957 0.0170858
116 -0.12 -0.0175862 0.0169613
117 -0.32 -0.0201709 0.0170132
118 0.04 -0.019661 0.0168761
119 0.36 -0.0164706 0.0170351
120 -0.12 -0.0173333 0.0169146
121 -0.24 -0.0191736 0.0168748
122 -0.4 -0.0222951 0.0170246
123 -0.2 -0.0237398 0.0169473
124 0.12 -0.0225806 0.01685
125 -0.16 -0.02368 0.0167507
126 -0.04 -0.0238095 0.0166178
127 -0.24 -0.0255118 0.0165741
128 -0.28 -0.0275 0.0165638
129 -0.24 -0.0291473 0.0165173
130 -0.28 -0.0310769 0.0165029
131 -0.12 -0.0317557 0.0163905
132 0.12 -0.0306061 0.0163065
133 -0.24 -0.0321805 0.0162598
134 -0.08 -0.0325373 0.0161419
135 0 -0.0322963 0.0160237
136 0.08 -0.0314706 0.0159269
137 0.08 -0.0306569 0.0158311
138 0.24 -0.0286957 0.0158379
139 -0.12 -0.0293525 0.0157373
140 -0.12 -0.03 0.0156379
141 0 -0.0297872 0.015528
142 0.32 -0.0273239 0.0156138
143 0.08 -0.0265734 0.0155224
144 0 -0.0263889 0.0154153
145 -0.04 -0.0264828 0.0153089
146 -0.48 -0.029589 0.0155178
147 -0.56 -0.0331973 0.0158286
148 -0.2 -0.0343243 0.0157616
149 -0.2 -0.0354362 0.0156949
150 -0.04 -0.0354667 0.01559
151 0.16 -0.0341722 0.0155404
152 -0.08 -0.0344737 0.0154408
153 0 -0.0342484 0.0153412
154 -0.16 -0.0350649 0.0152631
155 -0.08 -0.0353548 0.0151671
156 0.04 -0.0348718 0.0150773
157 0.28 -0.0328662 0.0151146
158 0.36 -0.0303797 0.0152231
159 0.12 -0.029434 0.0151565
160 -0.12 -0.03 0.0150722
161 0.12 -0.0290683 0.0150072
162 0.12 -0.0281481 0.0149426
163 0.16 -0.0269939 0.0148955
164 0.24 -0.0253659 0.0148936
165 0.4 -0.0227879 0.0150259
166 0.08 -0.0221687 0.0149479
167 0.16 -0.0210778 0.0148981
168 0.04 -0.0207143 0.0148136
169 -0.08 -0.0210651 0.0147299
170 -0.04 -0.0211765 0.0146434
171 -0.24 -0.0224561 0.0146137
172 0.12 -0.0216279 0.014552
173 -0.08 -0.0219653 0.0144716
174 0.04 -0.0216092 0.0143926
175 0.04 -0.0212571 0.0143145
176 -0.16 -0.0220455 0.0142547
177 -0.04 -0.0221469 0.0141743
178 0.12 -0.0213483 0.0141171
179 0 -0.0212291 0.0140385
180 -0.2 -0.0222222 0.0139956
181 -0.28 -0.0236464 0.0139907
182 0.08 -0.0230769 0.0139253
183 0 -0.0229508 0.0138495
184 0.28 -0.0213043 0.0138721
185 0.24 -0.0198919 0.013869
186 0.32 -0.0180645 0.0139148
187 0.12 -0.0173262 0.0138598
188 0.08 -0.0168085 0.0137956
189 0.44 -0.0143915 0.0139337
190 0.32 -0.0126316 0.0139715
191 0.2 -0.0115183 0.0139426
192 0.04 -0.01125 0.0138724
193 -0.04 -0.011399 0.0138012
194 0 -0.0113402 0.01373
195 -0.28 -0.0127179 0.0137287
196 0.16 -0.0118367 0.0136868
197 0.16 -0.0109645 0.0136451
198 -0.04 -0.0111111 0.0135768
199 -0.08 -0.0114573 0.0135128
200 0.04 -0.0112 0.0134476
201 0.04 -0.0109453 0.0133829
202 0.16 -0.010099 0.0133434
203 0 -0.0100493 0.0132776
204 0.28 -0.00862745 0.0132886
205 0.12 -0.008 0.0132385
206 0.04 -0.00776699 0.0131761
207 0.08 -0.007343 0.0131192
208 -0.08 -0.00769231 0.0130606
209 -0.08 -0.00803828 0.0130026
210 0.04 -0.00780952 0.0129425
211 -0.12 -0.00834123 0.012892
212 -0.08 -0.00867925 0.0128355
213 -0.12 -0.00920188 0.0127858
214 0.04 -0.00897196 0.012728
215 -0.04 -0.00911628 0.0126695
216 0.08 -0.0087037 0.0126174
217 -0.04 -0.00884793 0.01256
218 -0.08 -0.00917431 0.0125065
219 -0.2 -0.0100457 0.0124797
220 0 -0.01 0.0124229
221 0.24 -0.00886878 0.0124182
222 0.16 -0.00810811 0.0123856
223 -0.04 -0.00825112 0.0123307
224 0.08 -0.00785714 0.0122819
225 -0.12 -0.00835556 0.0122373
226 -0.08 -0.00867257 0.0121872
227 0 -0.00863436 0.0121334
228 0.04 -0.00842105 0.012082
229 -0.32 -0.00978166 0.0121058
230 -0.08 -0.010087 0.0120569
231 -0.2 -0.0109091 0.0120327
232 0 -0.0108621 0.0119808
233 0.12 -0.0103004 0.0119425
234 -0.2 -0.0111111 0.011919
235 -0.2 -0.0119149 0.0118953
236 0 -0.0118644 0.0118449
237 -0.04 -0.0119831 0.0117955
238 0.08 -0.0115966 0.0117521
239 0.2 -0.0107113 0.0117363
240 -0.2 -0.0115 0.0117139
241 -0.24 -0.0124481 0.0117036
242 -0.16 -0.0130579 0.0116711
243 -0.2 -0.0138272 0.0116484
244 -0.24 -0.0147541 0.0116376
245 -0.48 -0.0166531 0.0117445
246 -0.2 -0.0173984 0.0117204
247 -0.16 -0.0179757 0.0116871
248 -0.12 -0.0183871 0.0116472
249 0.04 -0.0181526 0.0116027
250 0.12 -0.0176 0.0115694
251 0 -0.0175299 0.0115234
252 0.12 -0.0169841 0.0114905
253 0 -0.016917 0.0114452
254 0.04 -0.0166929 0.0114023
255 -0.2 -0.0174118 0.0113802
256 -0.44 -0.0190625 0.0114552
257 -0.4 -0.0205447 0.0115064
258 -0.32 -0.0217054 0.0115204
259 -0.08 -0.0219305 0.011478
260 -0.12 -0.0223077 0.01144
261 -0.2 -0.0229885 0.0114164
262 -0.28 -0.0239695 0.011415
263 -0.08 -0.0241825 0.0113735
264 0.04 -0.0239394 0.0113329
265 0.08 -0.0235472 0.0112969
266 0.04 -0.0233083 0.0112569
267 -0.08 -0.0235206 0.0112166
268 -0.28 -0.0244776 0.0112156
269 -0.44 -0.0260223 0.0112801
270 -0.24 -0.0268148 0.0112662
271 -0.04 -0.0268635 0.0112246
272 0.24 -0.0258824 0.0112262
273 0.4 -0.0243223 0.0112933
274 0.2 -0.0235036 0.0112817
275 0.32 -0.0222545 0.0113098
276 0.16 -0.0215942 0.0112881
277 0.08 -0.0212274 0.0112533
278 -0.16 -0.0217266 0.0112238
279 -0.12 -0.0220789 0.0111891
280 0.16 -0.0214286 0.011168
281 0.44 -0.0197865 0.0112487
282 0.44 -0.018156 0.0113267
283 0.08 -0.0178092 0.0112919
284 0.08 -0.0174648 0.0112573
285 0.12 -0.0169825 0.0112281
286 -0.08 -0.0172028 0.011191
287 0.12 -0.0167247 0.0111622
288 0.04 -0.0165278 0.0111251
289 -0.08 -0.0167474 0.0110887
290 0.16 -0.0161379 0.0110672
291 0.24 -0.0152577 0.0110642
292 0.52 -0.0134247 0.0111775
293 0.28 -0.0124232 0.0111842
294 0.28 -0.0114286 0.0111904
295 0 -0.0113898 0.0111525
296 0.04 -0.0112162 0.0111161
297 0.12 -0.0107744 0.0110874
298 0.04 -0.010604 0.0110515
299 -0.2 -0.0112375 0.0110327
300 0 -0.0112 0.0109959
301 0 -0.0111628 0.0109593
302 -0.08 -0.0113907 0.0109254
303 -0.2 -0.0120132 0.010907
304 -0.04 -0.0121053 0.0108715
305 0.04 -0.0119344 0.0108371
306 -0.08 -0.0121569 0.010804
307 -0.16 -0.0126384 0.0107795
308 -0.36 -0.0137662 0.0108034
309 -0.16 -0.0142395 0.0107788
310 -0.16 -0.0147097 0.0107543
311 -0.04 -0.014791 0.0107199
312 0.04 -0.0146154 0.010687
313 -0.12 -0.0149521 0.0106581
314 -0.12 -0.0152866 0.0106294
315 -0.2 -0.015873 0.0106118
316 -0.04 -0.0159494 0.0105784
317 0.24 -0.015142 0.0105759
318 0 -0.0150943 0.0105427
319 0 -0.015047 0.0105097
320 0.12 -0.014625 0.0104853
321 0.36 -0.0134579 0.0105175
322 -0.08 -0.0136646 0.0104868
323 -0.28 -0.0144892 0.0104868
324 0.2 -0.0138272 0.0104753
325 0 -0.0137846 0.0104431
326 -0.24 -0.0144785 0.0104341
327 0.04 -0.0143119 0.0104035
328 0 -0.0142683 0.0103718
329 0.08 -0.0139818 0.0103442
330 0.08 -0.013697 0.0103168
331 0.12 -0.0132931 0.0102935
332 0.24 -0.0125301 0.0102907
333 0.04 -0.0123724 0.010261
334 -0.12 -0.0126946 0.0102353
335 0.04 -0.0125373 0.0102059
336 -0.32 -0.0134524 0.0102166
337 -0.08 -0.0136499 0.0101881
338 -0.08 -0.0138462 0.0101598
339 0.08 -0.0135693 0.0101336
340 0.04 -0.0134118 0.010105
341 -0.04 -0.0134897 0.0100756
342 -0.08 -0.0136842 0.010048
343 -0.24 -0.014344 0.0100403
344 -0.4 -0.0154651 0.0100737
345 -0.36 -0.0164638 0.010094
346 -0.08 -0.0166474 0.0100664
347 0.04 -0.0164841 0.0100387
348 0.04 -0.0163218 0.0100111
349 -0.16 -0.0167335 0.00999089
350 -0.28 -0.0174857 0.00999066
351 0 -0.0174359 0.00996228
352 0.04 -0.0172727 0.00993528
353 -0.08 -0.0174504 0.00990868
354 -0.16 -0.0178531 0.00988886
355 -0.32 -0.0187042 0.00989762
356 0.16 -0.0182022 0.00988254
357 -0.04 -0.0182633 0.00985501
358 0.2 -0.0176536 0.00984633
359 -0.28 -0.0183844 0.00984602
360 0.08 -0.0181111 0.00982244
361 -0.08 -0.0182825 0.00979669
362 -0.2 -0.0187845 0.00978248
363 -0.2 -0.0192837 0.00976826
364 -0.12 -0.0195604 0.00974531
365 -0.16 -0.0199452 0.00972619
366 0.08 -0.0196721 0.00970342
367 0.12 -0.0192916 0.00968443
368 0.16 -0.0188043 0.00967036
369 -0.08 -0.0189702 0.00964554
370 -0.28 -0.0196757 0.00964527
371 -0.2 -0.0201617 0.00963151
372 -0.24 -0.0207527 0.00962375
373 -0.08 -0.0209115 0.00959923
374 0.36 -0.019893 0.00962755
375 0.32 -0.0189867 0.00964452
376 0.32 -0.0180851 0.009661
377 0.24 -0.0174005 0.00965963
378 0.08 -0.0171429 0.00963748
379 0 -0.0170976 0.00961213
380 0.48 -0.0157895 0.00967564
381 0.28 -0.0150131 0.00968139
382 0.08 -0.0147644 0.00965921
383 -0.04 -0.0148303 0.00963419
384 -0.32 -0.015625 0.00964187
385 0.08 -0.0153766 0.00962
386 0.2 -0.0148187 0.00961126
387 0.04 -0.014677 0.00958744
388 0.28 -0.0139175 0.00959281
389 0 -0.0138817 0.00956818
390 0.12 -0.0135385 0.00954979
391 0.04 -0.0134015 0.00952632
392 0.12 -0.0130612 0.00950808
393 0.16 -0.0126209 0.00949407
394 0.2 -0.0120812 0.00948531
395 -0.08 -0.0122532 0.00946282
396 0.04 -0.0121212 0.00943982
397 0.12 -0.0117884 0.00942189
398 0.24 -0.0111558 0.00941946
399 0.32 -0.0103258 0.00943241
400 0.24 -0.0097 0.00942958
401 0.24 -0.00907731 0.00942663
402 0 -0.00905473 0.00940318
403 0.2 -0.00853598 0.00939415
404 0.16 -0.00811881 0.00938015
405 -0.12 -0.00839506 0.00936104
406 -0.2 -0.008867 0.00934987
407 0.28 -0.00815725 0.00935383
408 0 -0.00813725 0.0093309
409 -0.08 -0.00831296 0.00930972
410 -0.32 -0.00907317 0.00931805
411 0 -0.00905109 0.00929537
412 0.16 -0.00864078 0.00928186
413 0.48 -0.00745763 0.00933464
414 0.2 -0.00695652 0.00932554
415 0.28 -0.00626506 0.0093287
416 0.56 -0.00490385 0.00940528
417 0.4 -0.00393285 0.0094328
418 0.08 -0.00373206 0.00941235
419 0 -0.00372315 0.00938986
420 0.16 -0.00333333 0.00937559
421 0.12 -0.00304038 0.00935788
422 -0.28 -0.00369668 0.00935872
423 -0.16 -0.00406619 0.00934388
424 -0.2 -0.0045283 0.00933326
425 -0.12 -0.0048 0.00931524
426 -0.24 -0.00535211 0.00930973
427 -0.04 -0.00543326 0.00928826
428 -0.08 -0.00560748 0.00926817
429 0 -0.00559441 0.00924655
430 -0.16 -0.00595349 0.009232
431 -0.24 -0.00649652 0.00922655
432 -0.4 -0.00740741 0.00925013
433 -0.16 -0.00775982 0.00923547
434 -0.28 -0.0083871 0.00923549
435 -0.2 -0.00882759 0.00922476
436 -0.16 -0.00917431 0.0092101
437 -0.04 -0.00924485 0.00918927
438 -0.16 -0.00958904 0.00917473
439 0.04 -0.00947608 0.0091545
440 0.32 -0.00872727 0.00916432
441 0.56 -0.00743764 0.00923401
442 0.32 -0.00669683 0.00924283
443 0.12 -0.00641084 0.00922638
444 -0.04 -0.00648649 0.00920589
445 0.12 -0.00620225 0.00918957
446 -0.28 -0.00681614 0.00918947
447 0 -0.00680089 0.0091689
448 -0.04 -0.006875 0.00914872
449 -0.12 -0.00712695 0.00913179
450 0 -0.00711111 0.00911149
451 -0.16 -0.00745011 0.00909758
452 -0.2 -0.00787611 0.00908742
453 -0.12 -0.00812362 0.00907072
454 -0.36 -0.00889868 0.00908384
455 0.16 -0.00852747 0.00907146
456 0.08 -0.00833333 0.00905362
457 0.2 -0.00787746 0.00904528
458 0.08 -0.00768559 0.00902755
459 0.04 -0.0075817 0.00900846
460 0 -0.00756522 0.00898887
461 0.04 -0.00746204 0.00896995
462 -0.16 -0.00779221 0.0089566
463 0.16 -0.00742981 0.00894458
464 0.12 -0.00715517 0.0089295
465 -0.2 -0.00756989 0.00891992
466 -0.28 -0.00815451 0.00891994
467 -0.48 -0.00916488 0.00895798
468 -0.24 -0.00965812 0.00895242
469 -0.28 -0.0102345 0.00895189
470 -0.36 -0.0109787 0.00896377
471 -0.36 -0.0117197 0.00897536
472 -0.04 -0.0117797 0.00895652
473 0.08 -0.0115856 0.00893967
474 -0.08 -0.01173 0.00892196
475 0.28 -0.0111158 0.00892431
476 0.36 -0.0103361 0.00893961
477 0.36 -0.00955975 0.00895457
478 0.04 -0.00945607 0.00893642
479 -0.28 -0.0100209 0.00893561
480 -0.52 -0.0110833 0.00898005
481 -0.36 -0.0118087 0.00899067
482 -0.2 -0.0121992 0.00898049
483 0 -0.0121739 0.00896191
484 0.04 -0.0120661 0.00894403
485 0.24 -0.0115464 0.00894068
486 0.16 -0.0111934 0.00892925
487 -0.16 -0.011499 0.00891613
488 -0.04 -0.0115574 0.00889803
489 -0.04 -0.0116155 0.00888001
490 0.2 -0.0111837 0.00887239
491 0.28 -0.0105906 0.00887414
492 -0.16 -0.0108943 0.00886129
493 -0.08 -0.0110345 0.0088444
494 -0.12 -0.0112551 0.00882924
495 0.08 -0.0110707 0.00881331
496 0.24 -0.0105645 0.00881008
497 -0.12 -0.0107847 0.00879509
498 -0.04 -0.0108434 0.00877761
499 0.04 -0.0107415 0.00876059
500 0.12 -0.01048 0.00874696
501 0.08 -0.0102994 0.00873135
502 0.08 -0.0101195 0.0087158
503 0.12 -0.00986083 0.0087023
504 -0.12 -0.0100794 0.00868777
505 0 -0.0100594 0.00867057
506 0.12 -0.00980237 0.00865723
507 -0.08 -0.00994083 0.00864125
508 -0.24 -0.0103937 0.0086361
509 -0.24 -0.0108448 0.00863092
510 -0.36 -0.0115294 0.00864114
511 -0.32 -0.0121331 0.00864532
512 -0.08 -0.0122656 0.00862943
513 -0.4 -0.0130214 0.00864569
514 -0.12 -0.0132296 0.00863137
515 -0.36 -0.0139029 0.00864087
516 -0.4 -0.0146512 0.0086565
517 -0.36 -0.0153191 0.00866553
518 -0.36 -0.0159846 0.00867434
519 -0.04 -0.0160308 0.00865774
520 -0.04 -0.0160769 0.00864119
521 -0.04 -0.0161228 0.00862471
522 0.12 -0.0158621 0.00861212
523 -0.12 -0.0160612 0.00859795
524 0 -0.0160305 0.00858158
525 -0.12 -0.0162286 0.00856751
526 0 -0.0161977 0.00855126
527 -0.16 -0.0164706 0.00853938
528 0 -0.0164394 0.00852325
529 0.04 -0.0163327 0.00850779
530 -0.08 -0.0164528 0.00849257
531 -0.44 -0.0172505 0.00851401
532 -0.16 -0.0175188 0.00850222
533 -0.16 -0.0177861 0.00849047
534 -0.28 -0.0182772 0.00848877
535 -0.12 -0.0184673 0.00847502
536 -0.24 -0.0188806 0.00846928
537 -0.2 -0.0192179 0.00846022
538 0.04 -0.0191078 0.0084452
539 -0.08 -0.0192208 0.00843027
540 -0.24 -0.0196296 0.00842457
541 0.08 -0.0194455 0.008411
542 0.12 -0.0191882 0.00839941
543 0.28 -0.0186372 0.00840201
544 0.16 -0.0183088 0.00839298
545 -0.08 -0.018422 0.00837833
546 0.04 -0.018315 0.00836366
547 0.08 -0.0181353 0.00835029
548 0.08 -0.0179562 0.00833696
549 -0.04 -0.0179964 0.00832186
550 -0.52 -0.0189091 0.00835671
551 -0.2 -0.0192377 0.008348
552 -0.04 -0.0192754 0.00833295
553 -0.16 -0.0195298 0.00832176
554 0 -0.0194946 0.0083068
555 0.16 -0.0191712 0.00829812
556 0.08 -0.0189928 0.0082851
557 0.08 -0.0188151 0.00827212
558 0.04 -0.0187097 0.00825796
559 -0.04 -0.0187478 0.00824326
560 0.12 -0.0185 0.00823226
561 -0.08 -0.0186096 0.0082183
562 -0.08 -0.0187189 0.00820439
563 -0.36 -0.019325 0.00821221
564 0.16 -0.0190071 0.0082038
565 0.04 -0.0189027 0.00818993
566 0.36 -0.0182332 0.00820281
567 0.2 -0.0178483 0.00819737
568 0 -0.0178169 0.00818299
569 0.24 -0.0173638 0.00818115
570 0.04 -0.0172632 0.00816741
571 0.08 -0.0170928 0.00815487
572 0.16 -0.0167832 0.00814649
573 0.04 -0.0166841 0.00813286
574 0.28 -0.0161672 0.00813512
575 0.12 -0.0159304 0.00812441
576 0.24 -0.0154861 0.00812245
577 0.2 -0.0151127 0.00811696
578 0.4 -0.0143945 0.00813467
579 0.04 -0.0143005 0.00812115
580 -0.12 -0.0144828 0.00810918
581 -0.2 -0.0148021 0.00810151
582 -0.28 -0.0152577 0.0081004
583 -0.44 -0.0159863 0.00811925
584 -0.56 -0.0169178 0.00815869
585 -0.24 -0.0172991 0.00815365
586 -0.48 -0.0180887 0.00817793
587 -0.2 -0.0183986 0.00816987
588 -0.2 -0.0187075 0.00816181
589 -0.16 -0.0189474 0.00815147
590 0.2 -0.0185763 0.0081461
591 0.12 -0.0183418 0.00813569
592 0.08 -0.0181757 0.00812363
593 0 -0.018145 0.00810998
594 0.12 -0.0179125 0.00809965
595 0.04 -0.0178151 0.00808661
596 -0.24 -0.0181879 0.00808164
597 0 -0.0181575 0.00806815
598 -0.16 -0.0183946 0.00805813
599 0 -0.0183639 0.00804473
600 -0.04 -0.0184 0.00803139
601 -0.44 -0.0191015 0.00804864
602 0.28 -0.0186047 0.00805061
603 0.04 -0.0185075 0.00803784
604 0.08 -0.0183444 0.00802617
605 0.04 -0.0182479 0.00801348
606 -0.28 -0.0186799 0.00801189
607 -0.08 -0.0187809 0.00799932
608 -0.16 -0.0190132 0.00798953
609 -0.08 -0.0191133 0.00797703
610 -0.08 -0.0192131 0.00796457
611 -0.12 -0.0193781 0.00795323
612 -0.16 -0.0196078 0.00794355
613 0.08 -0.0194454 0.00793225
614 0.08 -0.0192834 0.00792097
615 0.16 -0.0189919 0.00791345
616 0.28 -0.0185065 0.00791549
617 -0.04 -0.0185413 0.00790273
618 0.04 -0.0184466 0.0078905
619 0.04 -0.0183522 0.00787831
620 0.08 -0.0181935 0.00786719
621 -0.2 -0.0184863 0.00785997
622 -0.28 -0.0189068 0.00785857
623 -0.04 -0.0189406 0.00784602
624 0 -0.0189103 0.0078335
625 0.36 -0.018304 0.00784442
626 0.2 -0.0179553 0.00783964
627 0.32 -0.0174163 0.00784566
628 0.36 -0.0168153 0.00785618
629 0.08 -0.0166614 0.00784519
630 -0.12 -0.0168254 0.00783444
631 0.16 -0.0165452 0.00782703
632 0.32 -0.0160127 0.00783276
633 0.32 -0.0154818 0.00783837
634 0.16 -0.015205 0.00783089
635 0.04 -0.0151181 0.00781903
636 -0.24 -0.0154717 0.00781473
637 -0.24 -0.0158242 0.00781041
638 -0.36 -0.0163636 0.0078168
639 -0.32 -0.0168388 0.00781901
640 -0.08 -0.0169375 0.00780741
641 0.04 -0.0168487 0.00779572
642 0 -0.0168224 0.00778361
643 0.04 -0.0167341 0.007772
644 -0.04 -0.0167702 0.00776001
645 -0.04 -0.0168062 0.00774805
646 -0.04 -0.0168421 0.00773613
647 -0.04 -0.0168779 0.00772425
648 -0.08 -0.0169753 0.00771293
649 -0.12 -0.0171341 0.00770268
650 0.04 -0.0170462 0.00769132
651 0 -0.01702 0.00767954
652 0 -0.0169939 0.0076678
653 0.04 -0.0169066 0.00765654
654 -0.12 -0.0170642 0.00764645
655 -0.2 -0.0173435 0.00763988
656 -0.12 -0.0175 0.00762983
657 -0.08 -0.0175951 0.0076188
658 -0.04 -0.0176292 0.00760729
659 -0.04 -0.0176631 0.00759581
660 0.04 -0.0175758 0.0075848
661 -0.28 -0.0179728 0.00758371
662 -0.12 -0.0181269 0.00757382
663 0.12 -0.0179186 0.00756525
664 0.04 -0.0178313 0.00755435
665 -0.12 -0.017985 0.00754455
666 -0.08 -0.0180781 0.00753379
667 0 -0.018051 0.00752253
668 0.16 -0.0177844 0.00751599
669 0.04 -0.0176981 0.00750525
670 -0.08 -0.017791 0.00749461
671 0 -0.0177645 0.00748348
672 0.28 -0.0173214 0.00748546
673 0.16 -0.0170579 0.00747898
674 0.04 -0.0169733 0.00746835
675 -0.16 -0.0171852 0.00746029
676 -0.12 -0.0173373 0.0074508
677 0.08 -0.0171935 0.00744117
678 0.28 -0.0167552 0.00744311
679 0.04 -0.0166716 0.00743261
680 0.24 -0.0162941 0.00743126
681 0.2 -0.0159765 0.00742714
682 0.12 -0.0157771 0.00741892
683 -0.16 -0.0159883 0.00741106
684 -0.08 -0.0160819 0.0074008
685 0 -0.0160584 0.00739003
686 -0.08 -0.0161516 0.00737984
687 0.2 -0.015837 0.0073758
688 0 -0.015814 0.00736511
689 0.16 -0.0155588 0.00735884
690 0.48 -0.0148406 0.00738318
691 0.04 -0.0147612 0.00737291
692 0.36 -0.0142197 0.00738214
693 0.32 -0.0137374 0.00738724
694 -0.24 -0.0140634 0.00738379
695 -0.12 -0.0142158 0.00737474
696 0 -0.0141954 0.00736416
697 -0.16 -0.0144046 0.00735656
698 0.08 -0.0142693 0.00734726
699 0 -0.0142489 0.00733677
700 0.08 -0.0141143 0.00732752
701 -0.12 -0.0142653 0.00731862
702 -0.28 -0.0146439 0.00731798
703 -0.16 -0.0148506 0.00731049
704 0.16 -0.0146023 0.00730432
705 0 -0.0145816 0.00729398
706 0.12 -0.0143909 0.00728614
707 0.04 -0.014314 0.00727623
708 -0.16 -0.0145198 0.00726886
709 -0.36 -0.0150071 0.00727494
710 -0.16 -0.0152113 0.00726755
711 0.08 -0.0150774 0.00725856
712 0.04 -0.015 0.00724877
713 0.72 -0.0139691 0.00731163
714 0.68 -0.0129972 0.00736579
715 0.2 -0.0126993 0.00736151
716 0 -0.0126816 0.00735125
717 0.04 -0.0126081 0.00734135
718 -0.12 -0.0127577 0.00733265
719 -0.2 -0.0130181 0.00732707
720 0.2 -0.0127222 0.00732287
721 -0.08 -0.0128155 0.0073133
722 -0.36 -0.0132964 0.00731898
723 -0.12 -0.013444 0.00731034
724 -0.04 -0.0134807 0.00730032
725 0.2 -0.0131862 0.00729619
726 0 -0.013168 0.00728616
727 -0.08 -0.01326 0.00727671
728 -0.24 -0.0135714 0.00727338
729 -0.12 -0.0137174 0.00726486
730 -0.44 -0.0143014 0.00727837
731 -0.08 -0.0143912 0.00726896
732 0.16 -0.014153 0.00726293
733 -0.04 -0.0141883 0.0072531
734 0.2 -0.0138965 0.00724909
735 -0.32 -0.0143129 0.00725119
736 -0.44 -0.0148913 0.00726439
737 -0.2 -0.0151425 0.00725887
738 -0.12 -0.0152846 0.00725042
739 -0.16 -0.0154804 0.00724325
740 -0.12 -0.0156216 0.00723484
741 -0.24 -0.0159244 0.00723141
742 -0.36 -0.0163881 0.00723653
743 -0.24 -0.0166891 0.00723305
744 -0.12 -0.016828 0.00722465
745 -0.08 -0.0169128 0.00721545
746 -0.04 -0.0169437 0.00720583
747 0 -0.016921 0.00719622
748 -0.32 -0.0173262 0.007198
749 0.12 -0.0171429 0.00719073
750 0.24 -0.0168 0.00718931
751 0.16 -0.0165646 0.00718359
752 0 -0.0165426 0.00717407
753 -0.08 -0.0166268 0.00716503
754 0.04 -0.0165517 0.00715591
755 -0.24 -0.0168477 0.00715255
756 -0.12 -0.0169841 0.00714439
757 0.2 -0.0166975 0.0071407
758 0.12 -0.0165172 0.00713355
759 -0.04 -0.0165481 0.00712422
760 -0.08 -0.0166316 0.00711533
761 0 -0.0166097 0.007106
762 0.52 -0.0159055 0.00713153
763 0.08 -0.0157798 0.00712328
764 -0.04 -0.0158115 0.00711402
765 -0.12 -0.0159477 0.00710602
766 -0.24 -0.0162402 0.00710277
767 -0.16 -0.0164276 0.00709597
768 -0.04 -0.0164583 0.0070868
769 0.36 -0.0159688 0.00709448
770 0.36 -0.0154805 0.00710207
771 0.04 -0.0154086 0.00709322
772 0.12 -0.0152332 0.00708619
773 0.04 -0.0151617 0.00707738
774 0.04 -0.0150904 0.00706859
775 0.24 -0.0147613 0.00706713
776 0.12 -0.0145876 0.00706016
777 -0.28 -0.0149292 0.00705933
778 -0.24 -0.0152185 0.00705619
779 -0.04 -0.0152503 0.00704719
780 0.04 -0.0151795 0.00703851
781 0.32 -0.0147503 0.00704258
782 0 -0.0147315 0.00703359
783 0.2 -0.0144572 0.00702996
784 -0.08 -0.0145408 0.00702148
785 -0.04 -0.0145732 0.00701261
786 -0.04 -0.0146056 0.00700375
787 0 -0.014587 0.00699487
788 -0.08 -0.0146701 0.00698648
789 0.08 -0.0145501 0.00697866
790 0 -0.0145316 0.00696984
791 0.08 -0.0144121 0.00696205
792 -0.08 -0.0144949 0.00695375
793 -0.04 -0.0145271 0.00694505
794 -0.12 -0.0146599 0.00693757
795 -0.32 -0.015044 0.00693947
796 -0.32 -0.0154271 0.00694133
797 -0.44 -0.0159598 0.00695305
798 -0.16 -0.0161404 0.00694668
799 -0.16 -0.0163204 0.00694031
800 0.04 -0.01625 0.00693199
801 0 -0.0162297 0.00692336
802 0.12 -0.0160599 0.00691681
803 0.28 -0.0156912 0.00691802
804 0.4 -0.0151741 0.00692873
805 0.32 -0.0147578 0.00693263
806 0.12 -0.0145906 0.00692604
807 -0.12 -0.0147212 0.00691869
808 -0.2 -0.0149505 0.00691392
809 0.16 -0.0147342 0.00690876
810 0.28 -0.0143704 0.00690981
811 -0.2 -0.0145993 0.00690508
812 -0.08 -0.0146798 0.00689704
813 -0.08 -0.0147601 0.00688902
814 0.16 -0.0145455 0.0068839
815 -0.36 -0.0149693 0.0068885
816 -0.16 -0.0151471 0.00688235
817 -0.04 -0.0151775 0.00687399
818 0.16 -0.0149633 0.00686892
819 0.32 -0.0145543 0.00687271
820 0.2 -0.0142927 0.00686931
821 -0.08 -0.0143727 0.0068614
822 -0.12 -0.0145012 0.00685425
823 0.04 -0.014435 0.00684624
824 0 -0.0144175 0.00683795
825 -0.08 -0.014497 0.00683012
826 0.04 -0.014431 0.00682216
827 0.16 -0.0142201 0.00681717
828 0.2 -0.0139614 0.00681385
829 -0.28 -0.0142823 0.00681319
830 -0.16 -0.0144578 0.00680724
831 -0.28 -0.0147774 0.00680654
832 -0.24 -0.0150481 0.00680375
833 -0.2 -0.0152701 0.0067992
834 -0.44 -0.0157794 0.00681011
835 0 -0.0157605 0.00680198
836 -0.08 -0.0158373 0.00679427
837 -0.12 -0.0159618 0.00678729
838 0.04 -0.015895 0.00677951
839 -0.08 -0.0159714 0.00677186
840 -0.04 -0.016 0.00676385
841 0.2 -0.0157432 0.00676069
842 0.16 -0.0155344 0.00675588
843 -0.08 -0.0156109 0.00674829
844 0 -0.0155924 0.00674032
845 0 -0.015574 0.00673236
846 0.24 -0.0152719 0.00673118
847 0.44 -0.0147344 0.00674468
848 0.24 -0.014434 0.00674342
849 0.16 -0.0142285 0.0067386
850 -0.08 -0.0143059 0.00673111
851 0.16 -0.0141011 0.00672632
852 -0.4 -0.014554 0.00673367
853 0 -0.0145369 0.00672579
854 0.16 -0.0143326 0.00672102
855 0.04 -0.014269 0.00671346
856 0 -0.0142523 0.00670563
857 0.08 -0.0141424 0.0066987
858 -0.12 -0.0142657 0.00669203
859 0.12 -0.0141094 0.00668606
860 -0.12 -0.0142326 0.00667942
861 -0.08 -0.0143089 0.00667209
862 0.16 -0.0141067 0.00666741
863 -0.08 -0.0141831 0.00666012
864 -0.04 -0.014213 0.00665248
865 0 -0.0141965 0.0066448
866 -0.04 -0.0142263 0.00663719
867 -0.32 -0.014579 0.0066389
868 0 -0.0145622 0.00663127
869 0.16 -0.0143613 0.00662668
870 0.28 -0.014023 0.0066277
871 0.12 -0.0138691 0.00662188
872 0.08 -0.0137615 0.00661516
873 0 -0.0137457 0.00660759
874 -0.24 -0.0140046 0.0066051
875 -0.24 -0.0142629 0.0066026
876 -0.08 -0.0143379 0.00659549
877 0.24 -0.0140479 0.00659434
878 0.4 -0.0135763 0.00660369
879 0 -0.0135609 0.00659619
880 -0.08 -0.0136364 0.00658912
881 -0.36 -0.0140295 0.00659337
882 0.08 -0.0139229 0.00658675
883 0.08 -0.0138165 0.00658015
884 -0.12 -0.0139367 0.0065738
885 -0.12 -0.0140565 0.00656746
886 0.12 -0.0139052 0.00656179
887 0.4 -0.0134386 0.00657098
888 0.56 -0.0127928 0.00659526
889 0.4 -0.0123285 0.00660418
890 0.2 -0.0120899 0.00660107
891 0.04 -0.0120314 0.00659392
892 0.16 -0.0118386 0.00658935
893 0 -0.0118253 0.00658198
894 0.12 -0.0116779 0.00657626
895 0.24 -0.0113966 0.00657493
896 -0.04 -0.0114286 0.00656766
897 0.04 -0.0113712 0.00656059
898 -0.28 -0.0116704 0.0065601
899 -0.36 -0.0120578 0.00656425
900 -0.04 -0.0120889 0.00655702
901 -0.04 -0.0121199 0.00654981
902 0.16 -0.011929 0.00654533
903 0.16 -0.0117386 0.00654085
904 0.16 -0.0115487 0.00653637
905 0.08 -0.0114475 0.00652993
906 0 -0.0114349 0.00652273
907 0.16 -0.0112459 0.00651827
908 -0.04 -0.0112775 0.00651117
909 -0.04 -0.0113091 0.00650408
910 0 -0.0112967 0.00649694
911 -0.36 -0.0116795 0.00650108
912 -0.12 -0.0117982 0.00649504
913 -0.04 -0.0118291 0.00648799
914 0.12 -0.0116849 0.00648249
915 -0.04 -0.0117158 0.00647548
916 -0.04 -0.0117467 0.00646848
917 -0.24 -0.0119956 0.00646621
918 0 -0.0119826 0.00645918
919 -0.24 -0.0122307 0.00645692
920 -0.24 -0.0124783 0.00645464
921 -0.12 -0.012595 0.00644869
922 -0.24 -0.0128416 0.00644641
923 0.24 -0.0125677 0.00644525
924 -0.12 -0.012684 0.00643932
925 0.2 -0.0124541 0.00643646
926 0.24 -0.0121814 0.00643528
927 -0.04 -0.0122114 0.00642841
928 0 -0.0121983 0.00642149
929 0.16 -0.0120129 0.00641725
930 -0.12 -0.012129 0.0064114
931 -0.24 -0.0123738 0.00640918
932 0.08 -0.0122747 0.00640307
933 0.04 -0.0122186 0.00639645
934 0.32 -0.011863 0.00639949
935 0.24 -0.0115936 0.00639831
936 0.2 -0.0113675 0.00639547
937 -0.04 -0.0113981 0.00638872
938 0 -0.0113859 0.00638191
939 -0.08 -0.011459 0.00637553
940 -0.16 -0.011617 0.00637071
941 0.12 -0.0114772 0.00636547
942 0.12 -0.0113376 0.00636024
943 0.24 -0.011071 0.00635908
944 0.08 -0.0109746 0.00635307
945 0.08 -0.0108783 0.00634708
946 0.24 -0.0106131 0.00634591
947 0.12 -0.0104752 0.0063407
948 0.12 -0.0103376 0.00633551
949 0.36 -0.00994731 0.00634085
950 0.44 -0.00947368 0.00635185
951 0.2 -0.00925342 0.00634899
952 0.16 -0.00907563 0.00634481
953 0.24 -0.00881427 0.00634353
954 -0.12 -0.00893082 0.00633795
955 0.16 -0.00875393 0.00633378
956 0.32 -0.00841004 0.00633649
957 0.32 -0.00806688 0.00633916
958 0 -0.00805846 0.00633255
959 -0.48 -0.00855057 0.00634505
960 -0.2 -0.00875 0.00634158
961 0.2 -0.00853278 0.0063387
962 -0.12 -0.00864865 0.00633317
963 0.08 -0.00855659 0.00632726
964 0.04 -0.00850622 0.00632089
965 0.12 -0.00837306 0.00631574
966 0 -0.00836439 0.0063092
967 -0.2 -0.00856256 0.00630579
968 0 -0.00855372 0.00629928
969 0.28 -0.00825593 0.00629982
970 0.2 -0.00804124 0.00629698
971 0.12 -0.00790937 0.00629187
972 0.16 -0.00773663 0.00628777
973 0.08 -0.00764645 0.00628195
974 -0.36 -0.00800821 0.00628592
975 -0.2 -0.00820513 0.00628256
976 -0.28 -0.00848361 0.00628229
977 0 -0.00847492 0.00627586
978 0.2 -0.00826176 0.00627306
979 0.28 -0.00796731 0.00627357
980 -0.08 -0.00804082 0.00626759
981 -0.2 -0.00823649 0.00626426
982 0.08 -0.00814664 0.00625852
983 -0.08 -0.00821974 0.00625258
984 -0.36 -0.00857724 0.00625644
985 -0.24 -0.00881218 0.0062545
986 0.32 -0.0084787 0.00625705
987 0.48 -0.00798379 0.00627027
988 0.16 -0.00781377 0.00626623
989 0.16 -0.00764408 0.00626219
990 0 -0.00763636 0.00625586
991 0.12 -0.00750757 0.00625087
992 0.08 -0.00741935 0.00624519
993 -0.24 -0.00765358 0.00624329
994 -0.08 -0.00772636 0.00623744
995 -0.04 -0.00775879 0.00623125
996 -0.04 -0.00779116 0.00622507
997 -0.04 -0.00782347 0.00621891
998 -0.08 -0.00789579 0.0062131
999 -0.2 -0.00808809 0.00620985
1000 0.16 -0.00792 0.00620592
