1 -0.04 -0.04 0
2 -0.36 -0.2 0.16
3 -0.2 -0.2 0.092376
4 -0.44 -0.26 0.0886942
5 -0.36 -0.28 0.0715542
6 -0.2 -0.266667 0.0599259
7 -0.12 -0.245714 0.0548095
8 -0.12 -0.23 0.05
9 -0.28 -0.235556 0.0444444
10 -0.28 -0.24 0.04
11 -0.44 -0.258182 0.0404928
12 -0.36 -0.266667 0.037926
13 -0.28 -0.267692 0.0349019
14 -0.28 -0.268571 0.0323249
15 -0.12 -0.258667 0.0316809
16 -0.2 -0.255 0.0298608
17 -0.28 -0.256471 0.0280879
18 -0.44 -0.266667 0.0283766
19 -0.28 -0.267368 0.0268507
20 -0.28 -0.268 0.0254806
21 -0.44 -0.27619 0.0255834
22 -0.52 -0.287273 0.0267923
23 -0.44 -0.293913 0.0264481
24 -0.44 -0.3 0.0260434
25 -0.2 -0.296 0.0252982
26 -0.36 -0.298462 0.0244301
27 -0.44 -0.303704 0.0240852
28 -0.2 -0.3 0.0235028
29 -0.12 -0.293793 0.0235119
30 -0.2 -0.290667 0.0229288
31 -0.2 -0.287742 0.0223689
32 -0.28 -0.2875 0.0216599
33 -0.2 -0.284848 0.0211601
34 0.04 -0.275294 0.0226428
35 -0.2 -0.273143 0.0220914
36 -0.12 -0.268889 0.0218864
37 -0.36 -0.271351 0.0214286
38 -0.44 -0.275789 0.021324
39 -0.52 -0.282051 0.0216934
40 -0.28 -0.282 0.0211442
41 -0.2 -0.28 0.0207188
42 -0.6 -0.287619 0.0216073
43 -0.44 -0.291163 0.0213944
44 -0.2 -0.289091 0.0210049
45 -0.28 -0.288889 0.0205338
46 -0.28 -0.288696 0.0200834
47 -0.28 -0.288511 0.0196523
48 -0.36 -0.29 0.0192961
49 -0.36 -0.291429 0.0189521
50 -0.44 -0.2944 0.0188055
51 -0.6 -0.300392 0.0193825
52 -0.12 -0.296923 0.0193202
53 -0.28 -0.296604 0.0189548
54 -0.36 -0.297778 0.0186375
55 -0.44 -0.300364 0.0184773
56 -0.36 -0.301429 0.0181756
57 -0.36 -0.302456 0.0178834
58 -0.28 -0.302069 0.0175767
59 -0.36 -0.303051 0.0173041
60 -0.44 -0.305333 0.0171656
61 -0.36 -0.30623 0.0169057
62 -0.28 -0.305806 0.0166361
63 -0.36 -0.306667 0.0163925
64 -0.44 -0.30875 0.0162683
65 -0.6 -0.313231 0.016631
66 -0.2 -0.311515 0.0164667
67 -0.28 -0.311045 0.0162259
68 -0.28 -0.310588 0.015992
69 -0.12 -0.307826 0.0159988
70 -0.44 -0.309714 0.0158813
71 -0.28 -0.309296 0.0156616
72 -0.28 -0.308889 0.0154479
73 -0.28 -0.308493 0.0152399
74 -0.28 -0.308108 0.0150375
75 -0.6 -0.312 0.0153376
76 -0.52 -0.314737 0.01538
77 -0.52 -0.317403 0.0154112
78 -0.28 -0.316923 0.0152199
79 -0.28 -0.316456 0.0150333
80 -0.36 -0.317 0.0148541
81 -0.36 -0.317531 0.0146792
82 -0.28 -0.317073 0.0145063
83 -0.36 -0.31759 0.0143398
84 -0.36 -0.318095 0.0141771
85 -0.68 -0.322353 0.014642
86 -0.2 -0.32093 0.0145405
87 -0.44 -0.322299 0.0144374
88 -0.2 -0.320909 0.0143399
89 -0.28 -0.320449 0.0141853
90 -0.04 -0.317333 0.0143688
91 -0.36 -0.317802 0.0142177
92 -0.28 -0.317391 0.0140684
93 -0.28 -0.316989 0.0139221
94 -0.28 -0.316596 0.0137788
95 -0.36 -0.317053 0.0136406
96 -0.44 -0.318333 0.0135584
97 -0.52 -0.320412 0.013578
98 -0.6 -0.323265 0.0137382
99 -0.36 -0.323636 0.0136038
100 -0.2 -0.3224 0.0135237
101 -0.2 -0.321188 0.0134439
102 -0.44 -0.322353 0.0133623
103 -0.36 -0.322718 0.013237
104 -0.2 -0.321538 0.0131621
105 -0.2 -0.320381 0.0130874
106 -0.44 -0.321509 0.0130124
107 -0.44 -0.322617 0.0129377
108 -0.44 -0.323704 0.0128633
109 -0.36 -0.324037 0.0127491
110 -0.36 -0.324364 0.0126369
111 -0.36 -0.324685 0.0125267
112 -0.44 -0.325714 0.0124569
113 -0.12 -0.323894 0.0124797
114 -0.36 -0.324211 0.0123738
115 -0.52 -0.325913 0.0123833
116 -0.12 -0.324138 0.0124038
117 -0.28 -0.323761 0.0123031
118 -0.28 -0.32339 0.012204
119 -0.2 -0.322353 0.0121454
120 -0.44 -0.323333 0.0120836
121 -0.36 -0.323636 0.0119871
122 -0.36 -0.323934 0.0118922
123 -0.44 -0.324878 0.0118328
124 -0.52 -0.326452 0.011842
125 -0.2 -0.32544 0.0117904
126 -0.36 -0.325714 0.0116996
127 -0.36 -0.325984 0.0116103
128 -0.28 -0.325625 0.0115248
129 -0.36 -0.325891 0.0114382
130 -0.52 -0.327385 0.0114477
131 -0.44 -0.328244 0.0113925
132 -0.44 -0.329091 0.0113375
133 -0.12 -0.327519 0.0113612
134 -0.2 -0.326567 0.0113162
135 -0.52 -0.328 0.0113231
136 -0.52 -0.329412 0.0113278
137 -0.52 -0.330803 0.0113306
138 -0.28 -0.330435 0.0112542
139 -0.28 -0.330072 0.0111788
140 -0.2 -0.329143 0.0111375
141 -0.36 -0.329362 0.0110604
142 -0.28 -0.329014 0.0109877
143 -0.28 -0.328671 0.010916
144 -0.2 -0.327778 0.0108767
145 -0.36 -0.328 0.0108037
146 -0.44 -0.328767 0.0107569
147 -0.52 -0.330068 0.0107623
148 -0.44 -0.330811 0.0107151
149 -0.44 -0.331544 0.0106682
150 -0.2 -0.330667 0.0106331
151 -0.2 -0.329801 0.0105978
152 -0.44 -0.330526 0.0105528
153 -0.2 -0.329673 0.0105182
154 -0.36 -0.32987 0.0104516
155 -0.36 -0.330065 0.0103857
156 -0.2 -0.329231 0.0103526
157 -0.44 -0.329936 0.0103106
158 -0.44 -0.330633 0.0102688
159 -0.6 -0.332327 0.0103437
160 -0.12 -0.331 0.0103641
161 -0.28 -0.330683 0.0103044
162 -0.2 -0.329877 0.0102723
163 -0.28 -0.329571 0.0102137
164 -0.44 -0.330244 0.0101735
165 -0.44 -0.330909 0.0101336
166 -0.28 -0.330602 0.010077
167 -0.2 -0.32982 0.010047
168 -0.44 -0.330476 0.0100085
169 -0.36 -0.330651 0.00995062
170 -0.36 -0.330824 0.00989342
171 -0.36 -0.330994 0.00983687
172 -0.28 -0.330698 0.00978401
173 -0.12 -0.32948 0.00980323
174 -0.2 -0.328736 0.0097751
175 -0.52 -0.329829 0.00978034
176 -0.44 -0.330455 0.00974473
177 -0.2 -0.329718 0.00971751
178 -0.2 -0.328989 0.00969021
179 -0.36 -0.329162 0.00963748
180 -0.36 -0.329333 0.00958532
181 -0.2 -0.328619 0.00955896
182 -0.12 -0.327473 0.00957515
183 -0.36 -0.32765 0.00952434
184 -0.04 -0.326087 0.00960057
185 -0.44 -0.326703 0.00956837
186 -0.36 -0.326882 0.00951847
187 -0.36 -0.327059 0.00946909
188 -0.12 -0.325957 0.00948277
189 -0.52 -0.326984 0.00948817
190 -0.52 -0.328 0.00949261
191 -0.44 -0.328586 0.00946097
192 -0.44 -0.329167 0.00942944
193 -0.28 -0.328912 0.00938391
194 -0.6 -0.330309 0.00943942
195 -0.36 -0.330462 0.00939212
196 -0.36 -0.330612 0.0093453
197 -0.44 -0.331168 0.0093143
198 -0.28 -0.330909 0.00927074
199 -0.36 -0.331055 0.0092252
200 -0.28 -0.3308 0.0091825
201 -0.36 -0.330945 0.00913786
202 -0.52 -0.331881 0.00914055
203 -0.36 -0.33202 0.00909647
204 -0.36 -0.332157 0.00905281
205 -0.2 -0.331512 0.00903158
206 -0.36 -0.33165 0.00898869
207 -0.44 -0.332174 0.00896046
208 -0.44 -0.332692 0.00893234
209 -0.28 -0.33244 0.00889307
210 -0.2 -0.33181 0.00887306
211 -0.2 -0.331185 0.00885298
212 0.04 -0.329434 0.00898339
213 -0.36 -0.329577 0.00894227
214 -0.44 -0.330093 0.00891533
215 -0.2 -0.329488 0.00889437
216 -0.36 -0.32963 0.00885422
217 -0.44 -0.330138 0.00882799
218 -0.36 -0.330275 0.00878847
219 -0.28 -0.330046 0.00875126
220 -0.28 -0.329818 0.00871436
221 -0.28 -0.329593 0.00867777
222 -0.2 -0.329009 0.00865829
223 -0.2 -0.32843 0.00863877
224 -0.2 -0.327857 0.00861921
225 -0.28 -0.327644 0.00858345
226 -0.44 -0.328142 0.00855984
227 -0.44 -0.328634 0.00853628
228 -0.28 -0.328421 0.00850143
229 -0.6 -0.329607 0.0085469
230 -0.52 -0.330435 0.00854983
231 -0.12 -0.329524 0.00856134
232 -0.36 -0.329655 0.00852537
233 -0.36 -0.329785 0.0084897
234 -0.28 -0.329573 0.00845602
235 -0.28 -0.329362 0.0084226
236 -0.28 -0.329153 0.00838945
237 -0.36 -0.329283 0.00835499
238 -0.28 -0.329076 0.00832238
239 -0.04 -0.327866 0.00837529
240 -0.2 -0.327333 0.00835732
241 -0.44 -0.327801 0.00833569
242 -0.36 -0.327934 0.00830224
243 -0.44 -0.328395 0.00828085
244 -0.12 -0.327541 0.00829095
245 -0.52 -0.328327 0.00829432
246 -0.28 -0.32813 0.00826287
247 -0.28 -0.327935 0.00823166
248 -0.12 -0.327097 0.00824116
249 -0.36 -0.327229 0.00820906
250 0.04 -0.32576 0.00830706
251 -0.28 -0.325578 0.00827591
252 -0.36 -0.325714 0.00824414
253 -0.28 -0.325534 0.00821347
254 -0.44 -0.325984 0.00819348
255 -0.36 -0.326118 0.00816237
256 -0.52 -0.326875 0.00816562
257 -0.44 -0.327315 0.00814569
258 -0.36 -0.327442 0.00811504
259 -0.36 -0.327568 0.00808463
260 -0.28 -0.327385 0.00805555
261 -0.12 -0.32659 0.00806387
262 -0.36 -0.326718 0.00803405
263 -0.28 -0.32654 0.00800541
264 -0.2 -0.326061 0.00798942
265 -0.44 -0.326491 0.00797082
266 -0.52 -0.327218 0.00797405
267 -0.28 -0.327041 0.0079461
268 -0.6 -0.32806 0.00798164
269 -0.76 -0.329665 0.00811242
270 -0.28 -0.329481 0.00808441
271 -0.2 -0.329004 0.00806868
272 -0.36 -0.329118 0.00803977
273 -0.52 -0.329817 0.00804072
274 -0.52 -0.330511 0.00804134
275 -0.52 -0.3312 0.00804162
276 -0.2 -0.330725 0.00802652
277 -0.28 -0.330542 0.00799958
278 -0.36 -0.330647 0.00797146
279 -0.44 -0.331039 0.0079525
280 -0.36 -0.331143 0.00792472
281 -0.52 -0.331815 0.00792502
282 -0.36 -0.331915 0.0078975
283 -0.44 -0.332297 0.00787881
284 -0.36 -0.332394 0.00785162
285 -0.12 -0.331649 0.00785944
286 -0.44 -0.332028 0.00784107
287 -0.36 -0.332125 0.00781431
288 -0.36 -0.332222 0.00778773
289 -0.36 -0.332318 0.00776133
290 -0.2 -0.331862 0.00774796
291 -0.44 -0.332234 0.00773023
292 -0.36 -0.332329 0.0077043
293 -0.2 -0.331877 0.00769123
294 -0.2 -0.331429 0.00767814
295 -0.36 -0.331525 0.00765268
296 -0.36 -0.331622 0.00762739
297 -0.28 -0.331448 0.00760365
298 -0.44 -0.331812 0.00758684
299 -0.52 -0.332441 0.00758758
300 -0.36 -0.332533 0.0075628
301 -0.28 -0.332359 0.00753965
302 -0.36 -0.33245 0.0075152
303 -0.28 -0.332277 0.00749236
304 -0.2 -0.331842 0.00748034
305 0.04 -0.330623 0.00755479
306 -0.12 -0.329935 0.00756145
307 -0.2 -0.329511 0.00754866
308 -0.36 -0.32961 0.00752476
309 -0.52 -0.330227 0.00752564
310 -0.52 -0.330839 0.00752626
311 -0.44 -0.33119 0.00751023
312 -0.28 -0.331026 0.00748791
313 -0.36 -0.331118 0.00746453
314 -0.36 -0.33121 0.00744128
315 -0.44 -0.331556 0.00742566
316 -0.52 -0.332152 0.00742611
317 -0.28 -0.331987 0.00740447
318 -0.2 -0.331572 0.00739281
319 -0.28 -0.331411 0.00737137
320 -0.52 -0.332 0.00737189
321 -0.28 -0.331838 0.00735068
322 -0.28 -0.331677 0.00732958
323 -0.2 -0.331269 0.00731822
324 -0.36 -0.331358 0.00729614
325 -0.28 -0.3312 0.00727537
326 -0.04 -0.330307 0.00730781
327 -0.12 -0.329664 0.00731376
328 -0.36 -0.329756 0.00729202
329 -0.28 -0.329605 0.00727139
330 -0.28 -0.329455 0.00725088
331 -0.44 -0.329789 0.00723666
332 -0.44 -0.33012 0.00722246
333 -0.44 -0.33045 0.00720829
334 -0.36 -0.330539 0.00718722
335 -0.36 -0.330627 0.00716628
336 -0.28 -0.330476 0.0071465
337 -0.36 -0.330564 0.00712581
338 -0.36 -0.330651 0.00710523
339 -0.36 -0.330737 0.00708476
340 -0.52 -0.331294 0.00708579
341 -0.28 -0.331144 0.00706659
342 -0.28 -0.330994 0.00704748
343 -0.52 -0.331545 0.00704848
344 -0.52 -0.332093 0.00704928
345 -0.12 -0.331478 0.00705565
346 -0.28 -0.331329 0.0070368
347 -0.28 -0.331182 0.00701805
348 -0.28 -0.331034 0.0069994
349 -0.36 -0.331117 0.00697981
350 -0.36 -0.3312 0.00696033
351 -0.28 -0.331054 0.006942
352 -0.28 -0.330909 0.00692377
353 -0.2 -0.330538 0.00691408
354 -0.12 -0.329944 0.00692013
355 -0.28 -0.329803 0.00690204
356 -0.2 -0.329438 0.00689228
357 -0.12 -0.328852 0.00689794
358 -0.28 -0.328715 0.00687999
359 -0.2 -0.328357 0.00687016
360 -0.52 -0.328889 0.00687171
361 -0.36 -0.328975 0.00685319
362 -0.28 -0.32884 0.00683557
363 -0.52 -0.329366 0.00683702
364 -0.36 -0.329451 0.00681873
365 -0.52 -0.329973 0.00682003
366 -0.36 -0.330055 0.00680187
367 -0.36 -0.330136 0.0067838
368 -0.36 -0.330217 0.00676583
369 -0.52 -0.330732 0.00676704
370 -0.44 -0.331027 0.00675519
371 -0.36 -0.331105 0.00673741
372 -0.44 -0.331398 0.00672564
373 -0.28 -0.33126 0.006709
374 -0.28 -0.331123 0.00669244
375 -0.36 -0.3312 0.00667502
376 -0.52 -0.331702 0.00667615
377 -0.36 -0.331777 0.00665884
378 -0.44 -0.332063 0.00664737
379 -0.28 -0.331926 0.00663123
380 -0.44 -0.332211 0.00661987
381 -0.52 -0.332703 0.00662084
382 -0.44 -0.332984 0.00660946
383 -0.44 -0.333264 0.0065981
384 -0.28 -0.333125 0.00658236
385 -0.44 -0.333403 0.0065711
386 -0.28 -0.333264 0.00655552
387 -0.36 -0.333333 0.00653892
388 -0.44 -0.333608 0.00652784
389 -0.28 -0.33347 0.00651249
390 -0.04 -0.332718 0.00653921
391 -0.52 -0.333197 0.00654003
392 -0.68 -0.334082 0.00658305
393 -0.36 -0.334148 0.0065666
394 -0.2 -0.333807 0.00655876
395 -0.44 -0.334076 0.00654766
396 -0.2 -0.333737 0.00653987
397 -0.28 -0.333602 0.00652478
398 -0.28 -0.333467 0.00650976
399 -0.36 -0.333534 0.00649376
400 -0.2 -0.3332 0.00648611
401 -0.36 -0.333267 0.00647026
402 -0.2 -0.332935 0.00646265
403 -0.28 -0.332804 0.00644793
404 -0.04 -0.332079 0.00647266
405 -0.36 -0.332148 0.00645702
406 -0.28 -0.33202 0.00644238
407 -0.52 -0.332482 0.00644311
408 -0.2 -0.332157 0.00643549
409 -0.36 -0.332225 0.0064201
410 -0.28 -0.332098 0.00640569
411 -0.04 -0.331387 0.00642948
412 -0.36 -0.331456 0.00641423
413 -0.36 -0.331525 0.00639906
414 -0.2 -0.331208 0.00639148
415 -0.44 -0.33147 0.00638145
416 -0.52 -0.331923 0.0063822
417 -0.44 -0.332182 0.00637215
418 -0.28 -0.332057 0.00635812
419 -0.36 -0.332124 0.00634327
420 -0.28 -0.332 0.00632937
421 -0.44 -0.332257 0.00631953
422 -0.2 -0.331943 0.00631232
423 -0.52 -0.332388 0.00631305
424 -0.28 -0.332264 0.00629936
425 -0.36 -0.332329 0.00628486
426 -0.52 -0.33277 0.00628554
427 -0.2 -0.332459 0.00627851
428 -0.36 -0.332523 0.00626415
429 -0.2 -0.332214 0.00625716
430 -0.2 -0.331907 0.00625016
431 -0.28 -0.331787 0.00623681
432 -0.52 -0.332222 0.00623759
433 -0.12 -0.331732 0.00624244
434 -0.28 -0.331613 0.00622918
435 -0.12 -0.331126 0.00623385
436 -0.12 -0.330642 0.00623836
437 -0.44 -0.330892 0.0062291
438 -0.44 -0.331142 0.00621985
439 -0.28 -0.331025 0.00620676
440 -0.36 -0.331091 0.00619298
441 -0.52 -0.331519 0.00619376
442 -0.28 -0.331403 0.00618083
443 -0.2 -0.331106 0.00617399
444 -0.28 -0.330991 0.00616114
445 -0.28 -0.330876 0.00614835
446 -0.2 -0.330583 0.00614156
447 -0.44 -0.330828 0.00613269
448 -0.36 -0.330893 0.00611934
449 -0.28 -0.33078 0.00610674
450 -0.36 -0.330844 0.00609351
451 -0.28 -0.330732 0.00608102
452 -0.28 -0.330619 0.00606859
453 -0.04 -0.329978 0.00608907
454 -0.36 -0.330044 0.00607601
455 -0.2 -0.329758 0.00606937
456 -0.12 -0.329298 0.00607349
457 -0.28 -0.32919 0.00606115
458 -0.28 -0.329083 0.00604885
459 -0.36 -0.32915 0.00603603
460 -0.36 -0.329217 0.00602327
461 -0.36 -0.329284 0.00601056
462 -0.36 -0.329351 0.00599791
463 -0.36 -0.329417 0.00598531
464 -0.44 -0.329655 0.00597715
465 -0.28 -0.329548 0.00596523
466 -0.28 -0.329442 0.00595337
467 -0.28 -0.329336 0.00594155
468 -0.6 -0.329915 0.00595698
469 -0.44 -0.330149 0.0059489
470 -0.28 -0.330043 0.00593719
471 -0.44 -0.330276 0.00592917
472 -0.36 -0.330339 0.00591693
473 -0.28 -0.330233 0.00590536
474 -0.28 -0.330127 0.00589384
475 -0.28 -0.330021 0.00588237
476 -0.44 -0.330252 0.00587454
477 -0.36 -0.330314 0.00586255
478 -0.28 -0.330209 0.00585122
479 -0.52 -0.330605 0.00585242
480 -0.36 -0.330667 0.00584053
481 -0.44 -0.330894 0.00583281
482 -0.28 -0.330788 0.00582165
483 -0.36 -0.330849 0.0058099
484 -0.36 -0.330909 0.0057982
485 -0.28 -0.330804 0.00578718
486 -0.28 -0.3307 0.00577621
487 -0.12 -0.330267 0.00578055
488 -0.2 -0.33 0.00577486
489 -0.52 -0.330389 0.00577612
490 -0.52 -0.330776 0.0057773
491 -0.36 -0.330835 0.00576583
492 -0.36 -0.330894 0.0057544
493 -0.52 -0.331278 0.00575551
494 -0.28 -0.331174 0.00574479
495 -0.12 -0.330747 0.00574902
496 -0.28 -0.330645 0.00573833
497 0.04 -0.329899 0.00577513
498 -0.2 -0.329639 0.00576942
499 -0.6 -0.33018 0.00578328
500 -0.44 -0.3304 0.00577588
501 -0.28 -0.330299 0.00576522
502 -0.36 -0.330359 0.00575403
503 -0.12 -0.32994 0.00575778
504 -0.44 -0.330159 0.0057505
505 -0.44 -0.330376 0.00574322
506 -0.44 -0.330593 0.00573595
507 -0.2 -0.330335 0.00573042
508 -0.44 -0.330551 0.0057232
509 -0.28 -0.330452 0.00571281
510 -0.44 -0.330667 0.00570564
511 -0.28 -0.330568 0.00569533
512 -0.2 -0.330313 0.00568991
513 -0.36 -0.33037 0.0056791
514 -0.12 -0.329961 0.0056828
515 -0.28 -0.329864 0.00567258
516 -0.44 -0.330078 0.0056656
517 -0.28 -0.329981 0.00565546
518 -0.52 -0.330347 0.00565644
519 -0.28 -0.33025 0.00564636
520 -0.04 -0.329692 0.00566307
521 -0.44 -0.329904 0.00565615
522 0.04 -0.329195 0.00568961
523 -0.12 -0.328795 0.00569279
524 -0.12 -0.328397 0.00569587
525 -0.52 -0.328762 0.00569671
526 -0.12 -0.328365 0.00569971
527 -0.2 -0.328121 0.00569409
528 -0.36 -0.328182 0.00568362
529 -0.6 -0.328696 0.00569609
530 -0.04 -0.328151 0.00571137
531 -0.2 -0.32791 0.00570571
532 -0.36 -0.32797 0.00569529
533 -0.2 -0.32773 0.00568966
534 -0.44 -0.32794 0.00568289
535 -0.28 -0.32785 0.00567297
536 -0.12 -0.327463 0.00567563
537 -0.2 -0.327225 0.00567003
538 -0.52 -0.327584 0.00567081
539 -0.44 -0.327792 0.00566412
540 -0.44 -0.328 0.00565744
541 -0.28 -0.327911 0.00564767
542 -0.44 -0.328118 0.00564103
543 -0.44 -0.328324 0.0056344
544 -0.44 -0.328529 0.00562778
545 -0.2 -0.328294 0.00562239
546 -0.36 -0.328352 0.00561238
547 -0.28 -0.328263 0.00560281
548 -0.28 -0.328175 0.00559327
549 -0.52 -0.328525 0.005594
550 -0.52 -0.328873 0.00559466
551 -0.2 -0.328639 0.00558939
552 -0.2 -0.328406 0.00558412
553 -0.52 -0.328752 0.00558477
554 -0.2 -0.32852 0.00557953
555 -0.28 -0.328432 0.00557015
556 -0.6 -0.328921 0.00558153
557 -0.28 -0.328833 0.0055722
558 -0.36 -0.328889 0.00556248
559 -0.28 -0.328801 0.00555321
560 -0.2 -0.328571 0.00554805
561 -0.36 -0.328627 0.00553844
562 -0.28 -0.328541 0.00552925
563 -0.44 -0.328739 0.00552297
564 -0.28 -0.328652 0.00551385
565 -0.36 -0.328708 0.00550436
566 -0.36 -0.328763 0.00549491
567 -0.36 -0.328818 0.00548548
568 -0.28 -0.328732 0.00547649
569 -0.28 -0.328647 0.00546753
570 -0.2 -0.328421 0.00546259
571 -0.12 -0.328056 0.00546522
572 -0.12 -0.327692 0.00546777
573 -0.44 -0.327888 0.00546174
574 -0.04 -0.327387 0.00547523
575 -0.28 -0.327304 0.00546632
576 -0.28 -0.327222 0.00545744
577 -0.28 -0.32714 0.00544859
578 -0.12 -0.326782 0.00545095
579 -0.36 -0.326839 0.00544183
580 -0.36 -0.326897 0.00543274
581 -0.52 -0.327229 0.00543356
582 -0.44 -0.327423 0.00542767
583 -0.52 -0.327753 0.00542841
584 -0.28 -0.327671 0.00541973
585 -0.28 -0.32759 0.00541107
586 -0.52 -0.327918 0.0054118
587 -0.52 -0.328245 0.00541247
588 -0.52 -0.328571 0.00541309
589 -0.28 -0.328489 0.00540452
590 -0.28 -0.328407 0.00539598
591 -0.2 -0.32819 0.00539122
592 -0.12 -0.327838 0.00539358
593 -0.12 -0.327487 0.00539587
594 -0.28 -0.327407 0.00538738
595 -0.36 -0.327462 0.00537859
596 -0.36 -0.327517 0.00536984
597 -0.2 -0.327303 0.00536509
598 -0.44 -0.327492 0.00535942
599 -0.36 -0.327546 0.00535075
600 -0.2 -0.327333 0.00534605
601 -0.52 -0.327654 0.00534676
602 -0.28 -0.327575 0.00533846
603 -0.2 -0.327363 0.0053338
604 -0.28 -0.327285 0.00532554
605 -0.36 -0.327339 0.005317
606 -0.28 -0.327261 0.0053088
607 -0.44 -0.327446 0.0053033
608 -0.52 -0.327763 0.00530403
609 -0.36 -0.327816 0.00529558
610 -0.12 -0.327475 0.00529786
611 -0.36 -0.327529 0.00528945
612 -0.52 -0.327843 0.00529015
613 -0.28 -0.327765 0.00528209
614 -0.2 -0.327557 0.00527759
615 -0.44 -0.32774 0.00527217
616 -0.28 -0.327662 0.00526417
617 -0.28 -0.327585 0.0052562
618 -0.2 -0.327379 0.00525175
619 -0.44 -0.327561 0.00524641
620 -0.36 -0.327613 0.00523821
621 -0.36 -0.327665 0.00523003
622 -0.52 -0.327974 0.00523076
623 -0.44 -0.328154 0.00522545
624 -0.2 -0.327949 0.00522111
625 -0.2 -0.327744 0.00521677
626 -0.36 -0.327796 0.00520868
627 -0.28 -0.327719 0.00520093
628 -0.36 -0.327771 0.00519289
629 -0.2 -0.327568 0.00518861
630 -0.36 -0.327619 0.00518062
631 -0.36 -0.32767 0.00517266
632 -0.28 -0.327595 0.00516502
633 -0.12 -0.327267 0.00516727
634 -0.04 -0.326814 0.00517897
635 -0.2 -0.326614 0.00517467
636 -0.2 -0.326415 0.00517036
637 -0.44 -0.326593 0.00516531
638 -0.36 -0.326646 0.00515748
639 -0.2 -0.326448 0.00515321
640 -0.12 -0.326125 0.00515526
641 -0.36 -0.326178 0.00514748
642 -0.28 -0.326106 0.00513996
643 -0.2 -0.32591 0.0051357
644 -0.28 -0.325839 0.00512822
645 -0.36 -0.325891 0.00512053
646 -0.6 -0.326316 0.00513018
647 -0.52 -0.326615 0.00513098
648 -0.2 -0.32642 0.00512679
649 -0.6 -0.326841 0.00513621
650 -0.44 -0.327015 0.00513125
651 -0.36 -0.327066 0.00512362
652 -0.44 -0.327239 0.00511868
653 -0.36 -0.327289 0.00511108
654 -0.36 -0.327339 0.00510351
655 -0.44 -0.327511 0.00509861
656 -0.36 -0.327561 0.00509108
657 -0.36 -0.32761 0.00508356
658 -0.44 -0.327781 0.0050787
659 -0.36 -0.32783 0.00507122
660 -0.28 -0.327758 0.00506405
661 -0.44 -0.327927 0.00505924
662 -0.28 -0.327855 0.00505211
663 -0.36 -0.327903 0.00504472
664 -0.6 -0.328313 0.00505375
665 -0.44 -0.328481 0.00504894
666 -0.28 -0.328408 0.00504188
667 -0.2 -0.328216 0.005038
668 -0.12 -0.327904 0.0050401
669 -0.52 -0.328191 0.00504074
670 -0.44 -0.328358 0.00503598
671 -0.28 -0.328286 0.00502898
672 -0.12 -0.327976 0.00503105
673 -0.28 -0.327905 0.00502408
674 -0.12 -0.327596 0.00502609
675 -0.36 -0.327644 0.00501887
676 -0.28 -0.327574 0.00501193
677 -0.28 -0.327504 0.00500502
678 -0.04 -0.32708 0.00501559
679 -0.28 -0.32701 0.00500868
680 -0.44 -0.327176 0.00500407
681 -0.12 -0.326872 0.00500596
682 -0.52 -0.327155 0.00500663
683 -0.6 -0.327555 0.00501523
684 -0.68 -0.32807 0.00503433
685 -0.36 -0.328117 0.0050272
686 -0.68 -0.32863 0.005046
687 -0.12 -0.328326 0.00504779
688 -0.36 -0.328372 0.00504066
689 -0.2 -0.328186 0.00503679
690 -0.36 -0.328232 0.0050297
691 -0.2 -0.328046 0.00502584
692 -0.52 -0.328324 0.00502623
693 -0.36 -0.328369 0.00501918
694 -0.36 -0.328415 0.00501215
695 -0.28 -0.328345 0.00500542
696 -0.44 -0.328506 0.0050008
697 -0.28 -0.328436 0.0049941
698 -0.2 -0.328252 0.00499033
699 -0.2 -0.328069 0.00498657
700 -0.2 -0.327886 0.0049828
701 -0.36 -0.327932 0.00497589
702 -0.28 -0.327863 0.00496927
703 -0.36 -0.327909 0.00496241
704 -0.28 -0.327841 0.00495582
705 -0.36 -0.327887 0.004949
706 -0.28 -0.327819 0.00494245
707 -0.6 -0.328204 0.00495044
708 -0.2 -0.328023 0.00494676
709 -0.44 -0.328181 0.0049423
710 -0.28 -0.328113 0.0049358
711 -0.44 -0.32827 0.00493137
712 -0.36 -0.328315 0.00492464
713 -0.6 -0.328696 0.00493247
714 -0.6 -0.329076 0.00494019
715 -0.36 -0.329119 0.00493347
716 -0.2 -0.328939 0.00492987
717 -0.28 -0.32887 0.00492346
718 -0.28 -0.328802 0.00491707
719 -0.44 -0.328957 0.00491266
720 -0.28 -0.328889 0.00490631
721 -0.2 -0.32871 0.00490276
722 -0.36 -0.328753 0.00489615
723 -0.44 -0.328907 0.0048918
724 -0.44 -0.329061 0.00488745
725 -0.44 -0.329214 0.0048831
726 -0.12 -0.328926 0.00488487
727 -0.44 -0.329078 0.00488054
728 -0.12 -0.328791 0.00488229
729 -0.2 -0.328615 0.00487879
730 -0.52 -0.328877 0.00487915
731 -0.28 -0.32881 0.00487293
732 -0.36 -0.328852 0.00486645
733 -0.44 -0.329004 0.00486217
734 -0.28 -0.328937 0.004856
735 -0.36 -0.32898 0.00484958
736 -0.6 -0.329348 0.00485696
737 -0.36 -0.329389 0.00485055
738 -0.36 -0.329431 0.00484415
739 -0.12 -0.329147 0.00484588
740 -0.52 -0.329405 0.00484619
741 -0.36 -0.329447 0.00483983
742 -0.44 -0.329596 0.0048356
743 -0.52 -0.329852 0.00483588
744 -0.28 -0.329785 0.00482984
745 -0.12 -0.329503 0.00483156
746 -0.36 -0.329544 0.00482526
747 -0.44 -0.329692 0.00482106
748 -0.36 -0.329733 0.00481478
749 -0.52 -0.329987 0.00481505
750 -0.6 -0.330347 0.00482209
751 -0.2 -0.330173 0.00481879
752 -0.28 -0.330106 0.00481284
753 -0.28 -0.33004 0.0048069
754 -0.52 -0.330292 0.00480713
755 -0.28 -0.330225 0.00480122
756 -0.36 -0.330265 0.00479503
757 -0.28 -0.330198 0.00478915
758 -0.2 -0.330026 0.00478591
759 -0.12 -0.32975 0.00478761
760 -0.2 -0.329579 0.00478435
761 -0.52 -0.329829 0.00478461
762 -0.36 -0.329869 0.00477849
763 -0.36 -0.329908 0.00477238
764 -0.28 -0.329843 0.00476658
765 -0.2 -0.329673 0.00476337
766 -0.44 -0.329817 0.00475933
767 -0.28 -0.329752 0.00475356
768 -0.36 -0.329792 0.00474753
769 -0.52 -0.330039 0.0047478
770 -0.28 -0.329974 0.00474208
771 -0.36 -0.330013 0.00473608
772 -0.28 -0.329948 0.00473039
773 -0.12 -0.329677 0.00473206
774 -0.28 -0.329612 0.00472638
775 -0.12 -0.329342 0.00472802
776 -0.36 -0.329381 0.00472209
777 -0.2 -0.329215 0.00471895
778 -0.28 -0.329152 0.0047133
779 -0.28 -0.329089 0.00470767
780 -0.44 -0.329231 0.00470378
781 -0.36 -0.32927 0.00469792
782 -0.44 -0.329412 0.00469405
783 -0.52 -0.329655 0.00469436
784 -0.44 -0.329796 0.00469048
785 -0.44 -0.329936 0.00468661
786 -0.2 -0.329771 0.00468356
787 -0.04 -0.329403 0.00469207
788 -0.2 -0.329239 0.00468899
789 -0.2 -0.329075 0.00468591
790 -0.44 -0.329215 0.00468208
791 -0.36 -0.329254 0.00467632
792 -0.12 -0.32899 0.00467788
793 -0.36 -0.329029 0.00467214
794 -0.36 -0.329068 0.00466641
795 -0.44 -0.329208 0.00466263
796 -0.44 -0.329347 0.00465885
797 -0.36 -0.329385 0.00465316
798 -0.12 -0.329123 0.00465472
799 -0.2 -0.328961 0.0046517
800 -0.28 -0.3289 0.00464629
801 -0.36 -0.328939 0.00464064
802 -0.36 -0.328978 0.00463502
803 -0.12 -0.328717 0.00463655
804 -0.52 -0.328955 0.00463689
805 -0.28 -0.328894 0.00463152
806 -0.52 -0.329132 0.00463185
807 -0.44 -0.329269 0.00462814
808 -0.36 -0.329307 0.00462257
809 -0.44 -0.329444 0.00461888
810 -0.36 -0.329481 0.00461332
811 -0.68 -0.329914 0.00462786
812 -0.2 -0.329754 0.00462492
813 -0.36 -0.329791 0.00461938
814 -0.04 -0.329435 0.00462742
815 -0.28 -0.329374 0.00462214
816 -0.36 -0.329412 0.00461662
817 -0.2 -0.329253 0.00461369
818 -0.36 -0.329291 0.0046082
819 -0.52 -0.329524 0.00460845
820 -0.28 -0.329463 0.00460322
821 -0.28 -0.329403 0.00459801
822 -0.28 -0.329343 0.00459281
823 -0.44 -0.329478 0.00458919
824 -0.44 -0.329612 0.00458558
825 -0.36 -0.329648 0.00458017
826 -0.2 -0.329492 0.00457731
827 -0.36 -0.329528 0.00457192
828 -0.28 -0.329469 0.00456679
829 -0.28 -0.329409 0.00456167
830 -0.28 -0.329349 0.00455656
831 -0.44 -0.329483 0.00455302
832 -0.44 -0.329615 0.00454948
833 -0.2 -0.32946 0.00454668
834 -0.2 -0.329305 0.00454388
835 -0.28 -0.329246 0.00453882
836 -0.28 -0.329187 0.00453377
837 -0.04 -0.328841 0.00454151
838 -0.28 -0.328783 0.00453646
839 -0.2 -0.328629 0.00453365
840 -0.44 -0.328762 0.00453019
841 -0.28 -0.328704 0.00452517
842 -0.12 -0.328456 0.00452658
843 -0.12 -0.328209 0.00452797
844 -0.12 -0.327962 0.00452932
845 -0.52 -0.328189 0.00452966
846 -0.2 -0.328038 0.00452684
847 -0.36 -0.328076 0.00452165
848 -0.52 -0.328302 0.00452199
849 -0.36 -0.328339 0.00451681
850 -0.36 -0.328376 0.00451165
851 -0.28 -0.32832 0.0045067
852 -0.44 -0.328451 0.00450332
853 -0.36 -0.328488 0.00449819
854 -0.2 -0.328337 0.00449543
855 -0.2 -0.328187 0.00449268
856 -0.04 -0.32785 0.00450004
857 -0.04 -0.327515 0.00450732
858 -0.36 -0.327552 0.00450222
859 -0.2 -0.327404 0.00449943
860 -0.6 -0.327721 0.00450536
861 -0.04 -0.327387 0.00451251
862 -0.12 -0.327146 0.00451369
863 -0.28 -0.327092 0.00450879
864 -0.44 -0.327222 0.00450546
865 -0.36 -0.32726 0.00450041
866 -0.36 -0.327298 0.00449537
867 -0.28 -0.327243 0.00449051
868 -0.28 -0.327189 0.00448567
869 -0.36 -0.327227 0.00448066
870 -0.36 -0.327264 0.00447567
871 -0.28 -0.32721 0.00447086
872 -0.28 -0.327156 0.00446605
873 -0.04 -0.326827 0.00447305
874 -0.28 -0.326773 0.00446825
875 -0.2 -0.326629 0.00446549
876 -0.2 -0.326484 0.00446273
877 -0.44 -0.326613 0.00445952
878 -0.28 -0.32656 0.00445475
879 -0.12 -0.326325 0.00445588
880 -0.28 -0.326273 0.00445112
881 -0.28 -0.32622 0.00444638
882 -0.36 -0.326259 0.0044415
883 -0.36 -0.326297 0.00443663
884 -0.12 -0.326063 0.00443775
885 -0.04 -0.32574 0.0044445
886 -0.2 -0.325598 0.00444175
887 -0.52 -0.325817 0.00444215
888 -0.6 -0.326126 0.00444788
889 -0.44 -0.326254 0.00444472
890 -0.44 -0.326382 0.00444156
891 -0.2 -0.32624 0.00443884
892 -0.28 -0.326188 0.00443416
893 -0.28 -0.326137 0.0044295
894 -0.44 -0.326264 0.00442637
895 -0.28 -0.326212 0.00442172
896 -0.28 -0.326161 0.00441709
897 -0.2 -0.32602 0.0044144
898 -0.44 -0.326147 0.00441131
899 -0.36 -0.326185 0.00440656
900 -0.2 -0.326044 0.00440389
901 -0.12 -0.325816 0.00440494
902 -0.36 -0.325854 0.00440022
903 -0.44 -0.32598 0.00439716
904 -0.52 -0.326195 0.00439754
905 -0.36 -0.326232 0.00439283
906 -0.28 -0.326181 0.00438828
907 -0.28 -0.32613 0.00438373
908 -0.2 -0.325991 0.00438111
909 -0.28 -0.325941 0.00437658
910 -0.52 -0.326154 0.00437696
911 -0.44 -0.326279 0.00437394
912 -0.28 -0.326228 0.00436944
913 -0.44 -0.326353 0.00436643
914 -0.36 -0.326389 0.0043618
915 -0.28 -0.326339 0.00435733
916 -0.44 -0.326463 0.00435434
917 -0.44 -0.326587 0.00435135
918 -0.2 -0.326449 0.00434879
919 -0.44 -0.326572 0.00434581
920 -0.44 -0.326696 0.00434284
921 -0.36 -0.326732 0.00433827
922 -0.36 -0.326768 0.00433371
923 -0.44 -0.326891 0.00433075
924 -0.12 -0.326667 0.00433185
925 -0.28 -0.326616 0.00432746
926 -0.36 -0.326652 0.00432294
927 -0.2 -0.326516 0.00432043
928 -0.36 -0.326552 0.00431592
929 -0.28 -0.326502 0.00431157
930 -0.36 -0.326538 0.00430708
931 -0.04 -0.32623 0.00431345
932 -0.28 -0.32618 0.0043091
933 -0.36 -0.326217 0.00430463
934 -0.44 -0.326338 0.00430175
935 -0.28 -0.326289 0.00429743
936 -0.52 -0.326496 0.00429782
937 -0.28 -0.326446 0.00429352
938 -0.36 -0.326482 0.00428909
939 -0.28 -0.326432 0.0042848
940 -0.28 -0.326383 0.00428053
941 -0.36 -0.326419 0.00427613
942 -0.36 -0.326454 0.00427173
943 -0.36 -0.32649 0.00426735
944 -0.44 -0.32661 0.00426452
945 -0.36 -0.326646 0.00426015
946 -0.2 -0.326512 0.00425775
947 -0.36 -0.326547 0.0042534
948 -0.36 -0.326582 0.00424906
949 -0.28 -0.326533 0.00424486
950 -0.28 -0.326484 0.00424067
951 -0.2 -0.326351 0.0042383
952 -0.28 -0.326303 0.00423413
953 -0.28 -0.326254 0.00422996
954 -0.36 -0.326289 0.00422567
955 -0.36 -0.326325 0.00422139
956 -0.28 -0.326276 0.00421725
957 -0.6 -0.326562 0.00422254
958 -0.52 -0.326764 0.00422296
959 -0.2 -0.326632 0.00422063
960 -0.28 -0.326583 0.00421651
961 -0.52 -0.326785 0.00421692
962 -0.36 -0.326819 0.00421268
963 -0.28 -0.326771 0.00420858
964 -0.2 -0.326639 0.00420627
965 -0.28 -0.326591 0.00420219
966 -0.44 -0.326708 0.00419948
967 -0.12 -0.326494 0.00420057
968 -0.28 -0.326446 0.00419651
969 -0.28 -0.326398 0.00419245
970 -0.6 -0.32668 0.00419761
971 -0.52 -0.32688 0.00419801
972 -0.52 -0.327078 0.00419839
973 -0.12 -0.326865 0.00419947
974 -0.36 -0.326899 0.0041953
975 -0.28 -0.326851 0.00419127
976 -0.6 -0.327131 0.00419631
977 -0.44 -0.327247 0.00419361
978 -0.12 -0.327035 0.00419467
979 -0.28 -0.326987 0.00419066
980 -0.36 -0.32702 0.00418652
981 -0.52 -0.327217 0.00418687
982 -0.28 -0.327169 0.00418288
983 -0.12 -0.326958 0.00418394
984 -0.28 -0.326911 0.00417996
985 -0.52 -0.327107 0.00418031
986 -0.52 -0.327302 0.00418065
987 -0.44 -0.327416 0.00417797
988 -0.28 -0.327368 0.00417401
989 -0.12 -0.327159 0.00417506
990 -0.28 -0.327111 0.00417111
991 -0.28 -0.327064 0.00416717
992 -0.36 -0.327097 0.0041631
993 -0.28 -0.327049 0.00415918
994 -0.12 -0.326841 0.00416021
995 -0.28 -0.326794 0.00415629
996 -0.28 -0.326747 0.00415238
997 -0.28 -0.3267 0.00414848
998 -0.28 -0.326653 0.00414459
999 -0.28 -0.326607 0.0041407
1000 -0.44 -0.32672 0.00413811
