1 -0.12 -0.12 0
2 0.16 0.02 0.14
3 0.44 0.16 0.161658
4 0.28 0.19 0.118181
5 -0.16 0.12 0.115239
6 0 0.1 0.0961942
7 -0.04 0.08 0.0837229
8 0.12 0.085 0.0726784
9 -0.2 0.0533333 0.071492
10 -0.36 0.012 0.0761402
11 -0.4 -0.0254545 0.0783972
12 -0.12 -0.0333333 0.0719989
13 0 -0.0307692 0.066279
14 0.04 -0.0257143 0.0615702
15 -0.2 -0.0373333 0.0584846
16 -0.08 -0.04 0.0547723
17 -0.16 -0.0470588 0.0519315
18 -0.24 -0.0577778 0.0501211
19 -0.28 -0.0694737 0.0488312
20 -0.08 -0.07 0.0463283
21 -0.24 -0.0780952 0.0448044
22 -0.28 -0.0872727 0.043694
23 -0.24 -0.093913 0.0422759
24 -0.04 -0.0916667 0.0405383
25 -0.24 -0.0976 0.0393331
26 0.16 -0.0876923 0.0390672
27 0.04 -0.082963 0.0378888
28 0.12 -0.0757143 0.0372232
29 0.16 -0.0675862 0.0368249
30 0.2 -0.0586667 0.0366773
31 0.12 -0.0529032 0.0359396
32 0 -0.05125 0.0348376
33 -0.16 -0.0545455 0.0339259
34 -0.24 -0.06 0.0333618
35 -0.12 -0.0617143 0.03244
36 -0.32 -0.0688889 0.0323321
37 -0.44 -0.0789189 0.0330069
38 -0.4 -0.0873684 0.0332191
39 -0.16 -0.0892308 0.0324097
40 -0.16 -0.091 0.0316386
41 -0.16 -0.0926829 0.0309031
42 -0.2 -0.0952381 0.0302664
43 -0.2 -0.0976744 0.0296544
44 -0.16 -0.0990909 0.0290072
45 0 -0.0968889 0.0284407
46 -0.12 -0.0973913 0.02782
47 -0.04 -0.0961702 0.0272491
48 -0.12 -0.0966667 0.02668
49 -0.16 -0.0979592 0.0261617
50 -0.44 -0.1048 0.0265303
51 -0.2 -0.106667 0.0260718
52 -0.12 -0.106923 0.0255668
53 -0.2 -0.108679 0.0251412
54 -0.28 -0.111852 0.0248744
55 -0.28 -0.114909 0.0246085
56 -0.32 -0.118571 0.0244411
57 -0.32 -0.122105 0.0242671
58 -0.4 -0.126897 0.0243217
59 -0.48 -0.132881 0.0246436
60 -0.64 -0.141333 0.0256613
61 -0.16 -0.141639 0.0252389
62 -0.08 -0.140645 0.0248484
63 0.12 -0.136508 0.0247984
64 -0.04 -0.135 0.0244544
65 -0.08 -0.134154 0.0240901
66 0.04 -0.131515 0.0238686
67 0.16 -0.127164 0.0239088
68 -0.04 -0.125882 0.0235895
69 -0.12 -0.125797 0.0232452
70 -0.08 -0.125143 0.0229201
71 -0.08 -0.124507 0.0226039
72 0.04 -0.122222 0.0224046
73 0.16 -0.118356 0.0224312
74 0.2 -0.114054 0.0225404
75 0.28 -0.1088 0.02285
76 0.48 -0.101053 0.0238413
77 0.24 -0.0966234 0.0239429
78 0.36 -0.0907692 0.0243482
79 0.16 -0.0875949 0.0242467
80 0.32 -0.0825 0.0244778
81 0.36 -0.077037 0.0247833
82 0.44 -0.0707317 0.0252782
83 0.44 -0.0645783 0.0257188
84 0.2 -0.0614286 0.0256052
85 0.16 -0.0588235 0.0254359
86 0.2 -0.055814 0.0253179
87 0.4 -0.0505747 0.0255678
88 0.36 -0.0459091 0.0257026
89 0.08 -0.0444944 0.0254515
90 -0.08 -0.0448889 0.0251702
91 -0.04 -0.0448352 0.0248921
92 -0.12 -0.0456522 0.0246336
93 0.12 -0.043871 0.0244323
94 -0.04 -0.0438298 0.024171
95 -0.2 -0.0454737 0.0239717
96 -0.24 -0.0475 0.0238071
97 -0.44 -0.0515464 0.0239053
98 -0.28 -0.0538776 0.0237747
99 -0.28 -0.0561616 0.0236439
100 -0.2 -0.0576 0.0234504
101 -0.28 -0.059802 0.0233213
102 0.08 -0.0584314 0.0231321
103 0.12 -0.056699 0.0229718
104 0 -0.0561538 0.0227564
105 -0.16 -0.0571429 0.0225603
106 -0.16 -0.0581132 0.0223676
107 -0.08 -0.0583178 0.0221585
108 0.2 -0.0559259 0.0220823
109 -0.12 -0.0565138 0.0218866
110 -0.12 -0.0570909 0.0216944
111 -0.24 -0.0587387 0.0215611
112 -0.24 -0.0603571 0.021429
113 -0.2 -0.0615929 0.0212744
114 -0.24 -0.0631579 0.021145
115 0.04 -0.0622609 0.0209795
116 0.08 -0.0610345 0.020834
117 0.04 -0.0601709 0.0206732
118 -0.12 -0.060678 0.0205035
119 -0.12 -0.0611765 0.0203366
120 0.16 -0.0593333 0.0202504
121 0.36 -0.0558678 0.0203792
122 0.24 -0.0534426 0.0203565
123 0 -0.0530081 0.0201949
124 -0.2 -0.0541935 0.0200665
125 -0.04 -0.05408 0.0199056
126 -0.28 -0.055873 0.0198282
127 -0.04 -0.055748 0.0196719
128 0.16 -0.0540625 0.0195902
129 0.24 -0.0517829 0.019571
130 0.2 -0.0498462 0.0195162
131 0.36 -0.0467176 0.0196177
132 0.2 -0.0448485 0.0195581
133 0.32 -0.0421053 0.0196033
134 -0.2 -0.0432836 0.0194921
135 0.04 -0.0426667 0.0193571
136 -0.08 -0.0429412 0.0192162
137 0.08 -0.0420438 0.0190965
138 0.08 -0.0411594 0.0189782
139 -0.04 -0.0411511 0.0188412
140 -0.12 -0.0417143 0.0187146
141 0.08 -0.0408511 0.0186014
142 0 -0.0405634 0.0184722
143 -0.12 -0.0411189 0.018351
144 -0.2 -0.0422222 0.0182565
145 -0.08 -0.0424828 0.018132
146 0 -0.0421918 0.0180097
147 -0.08 -0.042449 0.0178886
148 -0.44 -0.0451351 0.0179693
149 -0.56 -0.0485906 0.0181797
150 -0.4 -0.0509333 0.0182094
151 -0.2 -0.0519205 0.0181153
152 0 -0.0515789 0.017999
153 0.32 -0.0491503 0.0180451
154 0.2 -0.0475325 0.0180004
155 0.04 -0.0469677 0.0178928
156 -0.08 -0.0471795 0.017779
157 -0.08 -0.0473885 0.0176667
158 -0.2 -0.0483544 0.0175811
159 0.12 -0.0472956 0.0175022
160 0.04 -0.04675 0.017401
161 -0.24 -0.0479503 0.0173342
162 0.04 -0.0474074 0.0172354
163 0.08 -0.0466258 0.0171472
164 0.2 -0.045122 0.0171085
165 0.04 -0.0446061 0.0170123
166 0.08 -0.0438554 0.0169262
167 0.24 -0.0421557 0.0169102
168 0.32 -0.04 0.0169469
169 0.32 -0.0378698 0.0169805
170 0.12 -0.0369412 0.0169058
171 0.64 -0.0329825 0.0172666
172 0.68 -0.0288372 0.0176593
173 0.64 -0.0249711 0.0179776
174 0.44 -0.0222989 0.0180726
175 0.4 -0.0198857 0.0181303
176 0.56 -0.0165909 0.0183257
177 0.44 -0.0140113 0.0184035
178 0.44 -0.0114607 0.0184767
179 0.32 -0.00960894 0.0184663
180 0.48 -0.00688889 0.0185638
181 0.24 -0.00552486 0.0185113
182 0.32 -0.00373626 0.0184959
183 0.16 -0.00284153 0.0184163
184 0.32 -0.00108696 0.0183998
185 0.32 0.000648649 0.0183822
186 0.32 0.00236559 0.0183636
187 0.56 0.00534759 0.0185069
188 0.28 0.00680851 0.0184661
189 -0.04 0.00656085 0.0183698
190 -0.16 0.00568421 0.0182939
191 -0.52 0.00293194 0.0184048
192 -0.6 -0.000208333 0.018576
193 -0.48 -0.0026943 0.018646
194 -0.4 -0.00474227 0.0186624
195 0.12 -0.00410256 0.0185774
196 0.24 -0.00285714 0.0185243
197 0 -0.00284264 0.01843
198 -0.2 -0.00383838 0.0183637
199 -0.4 -0.00582915 0.0183794
200 -0.24 -0.007 0.0183247
201 -0.28 -0.00835821 0.0182838
202 -0.52 -0.0108911 0.0183685
203 -0.24 -0.0120197 0.0183126
204 -0.16 -0.0127451 0.0182371
205 0.16 -0.0119024 0.0181675
206 0.16 -0.011068 0.0180983
207 0.4 -0.00908213 0.0181198
208 0.68 -0.00576923 0.0183343
209 0.44 -0.00363636 0.0183706
210 0.44 -0.00152381 0.0184045
211 0.52 0.000947867 0.0184831
212 0.36 0.00264151 0.0184735
213 0.68 0.0058216 0.0186596
214 0.44 0.00785047 0.0186827
215 0.32 0.00930233 0.0186521
216 0.16 0.01 0.0185787
217 0.04 0.0101382 0.0184934
218 -0.08 0.00972477 0.018413
219 0.08 0.0100457 0.0183316
220 0.12 0.0105455 0.0182549
221 0.12 0.0110407 0.0181788
222 0.12 0.0115315 0.0181034
223 0.12 0.0120179 0.0180286
224 0.24 0.0130357 0.0179768
225 0.4 0.0147556 0.0179792
226 0.16 0.0153982 0.017911
227 0.12 0.015859 0.0178378
228 0.2 0.0166667 0.0177778
229 0.48 0.01869 0.0178152
230 0.32 0.02 0.0177859
231 0.36 0.0214719 0.0177698
232 0.4 0.0231034 0.0177681
233 0.36 0.0245494 0.0177507
234 0.24 0.0254701 0.0176987
235 0.2 0.0262128 0.0176388
236 0.12 0.0266102 0.0175684
237 -0.24 0.0254852 0.0175303
238 -0.16 0.0247059 0.0174738
239 0 0.0246025 0.0174009
240 0.08 0.0248333 0.0173298
241 -0.08 0.0243983 0.0172632
242 0.04 0.0244628 0.0171918
243 0.08 0.0246914 0.0171225
244 0.16 0.0252459 0.0170612
245 -0.04 0.0249796 0.0169935
246 -0.04 0.0247154 0.0169263
247 -0.24 0.0236437 0.0168917
248 -0.24 0.0225806 0.016857
249 -0.24 0.0215261 0.0168222
250 -0.32 0.02016 0.0168104
251 -0.44 0.0183267 0.0168434
252 -0.36 0.0168254 0.0168434
253 -0.04 0.0166008 0.0167782
254 0 0.0165354 0.0167122
255 0 0.0164706 0.0166466
256 -0.16 0.0157812 0.0165958
257 -0.28 0.0146304 0.0165711
258 -0.24 0.0136434 0.0165362
259 -0.16 0.012973 0.0164859
260 -0.32 0.0116923 0.0164722
261 -0.52 0.00965517 0.016535
262 -0.2 0.00885496 0.0164912
263 -0.08 0.00851711 0.0164318
264 -0.32 0.00727273 0.0164167
265 -0.28 0.00618868 0.0163905
266 -0.2 0.00541353 0.0163472
267 -0.08 0.00509363 0.016289
268 -0.2 0.00432836 0.0162461
269 -0.36 0.00297398 0.0162422
270 -0.12 0.00251852 0.0161883
271 0.04 0.00265683 0.016129
272 -0.12 0.00220588 0.016076
273 -0.16 0.00161172 0.016028
274 -0.32 0.000437956 0.0160125
275 -0.16 -0.000145455 0.0159648
276 -0.04 -0.000289855 0.0159075
277 -0.12 -0.000722022 0.0158559
278 -0.08 -0.00100719 0.0158013
279 -0.2 -0.00172043 0.0157607
280 -0.52 -0.00357143 0.015813
281 -0.4 -0.00498221 0.0158197
282 -0.4 -0.00638298 0.0158256
283 -0.2 -0.00706714 0.0157844
284 -0.16 -0.00760563 0.0157379
285 -0.2 -0.0082807 0.0156971
286 -0.4 -0.00965035 0.015702
287 -0.36 -0.0108711 0.0156948
288 -0.12 -0.01125 0.0156448
289 -0.2 -0.0119031 0.0156042
290 -0.08 -0.0121379 0.0155521
291 -0.4 -0.0134708 0.0155557
292 -0.16 -0.0139726 0.0155105
293 -0.32 -0.0150171 0.0154927
294 -0.12 -0.0153741 0.0154441
295 -0.04 -0.0154576 0.0153918
296 -0.08 -0.0156757 0.0153413
297 0.12 -0.0152189 0.0152964
298 0.2 -0.0144966 0.0152621
299 0.24 -0.0136455 0.0152347
300 0.2 -0.0129333 0.0152006
301 0.32 -0.0118272 0.0151903
302 0.24 -0.0109934 0.0151629
303 0.44 -0.00950495 0.0151859
304 0.28 -0.00855263 0.0151658
305 -0.16 -0.00904918 0.0151241
306 -0.12 -0.00941176 0.015079
307 0.08 -0.00912052 0.0150326
308 0.04 -0.00896104 0.0149845
309 0.2 -0.00828479 0.0149513
310 0.16 -0.00774194 0.0149128
311 0.24 -0.00694534 0.0148861
312 0.04 -0.00679487 0.0148391
313 0.12 -0.00638978 0.0147972
314 0.12 -0.00598726 0.0147555
315 0.16 -0.00546032 0.014718
316 -0.04 -0.00556962 0.0146717
317 0.16 -0.00504732 0.0146347
318 0.2 -0.00440252 0.0146029
319 0.12 -0.00401254 0.0145622
320 0.08 -0.00375 0.014519
321 0.12 -0.00336449 0.0144789
322 0.12 -0.00298137 0.0144389
323 0.16 -0.00247678 0.014403
324 0.16 -0.00197531 0.0143672
325 0.4 -0.000738462 0.0143762
326 0.4 0.000490798 0.0143847
327 0.12 0.000856269 0.0143453
328 0.08 0.00109756 0.0143035
329 -0.08 0.000851064 0.0142621
330 0.04 0.000969697 0.0142193
331 0.08 0.00120846 0.0141783
332 -0.08 0.000963855 0.0141377
333 -0.12 0.000600601 0.0140998
334 0.12 0.000958084 0.0140621
335 0.36 0.00202985 0.014061
336 0.24 0.0027381 0.0140369
337 0.4 0.00391691 0.0140448
338 0.12 0.00426036 0.0140074
339 0.32 0.00519174 0.013997
340 0.16 0.00564706 0.0139632
341 -0.24 0.00492669 0.0139408
342 -0.36 0.00385965 0.0139409
343 -0.36 0.00279883 0.0139406
344 -0.04 0.00267442 0.0139006
345 -0.08 0.00243478 0.0138623
346 -0.16 0.00196532 0.0138301
347 0.16 0.00242075 0.0137978
348 0.36 0.00344828 0.0137964
349 0.44 0.00469914 0.0138135
350 0.52 0.00617143 0.0138525
351 0.24 0.00683761 0.013829
352 0.36 0.00784091 0.0138261
353 0.48 0.00917847 0.0138516
354 0.36 0.0101695 0.0138479
355 0.24 0.0108169 0.013824
356 0.2 0.0113483 0.0137954
357 0.16 0.0117647 0.013763
358 -0.08 0.0115084 0.0137269
359 -0.36 0.0104735 0.0137277
360 0 0.0104444 0.0136895
361 0 0.0104155 0.0136516
362 -0.16 0.00994475 0.0136219
363 -0.44 0.00870523 0.0136408
364 -0.28 0.00791209 0.0136264
365 -0.16 0.00745205 0.0135968
366 -0.04 0.0073224 0.0135602
367 0.08 0.00752044 0.0135246
368 -0.32 0.00663043 0.0135172
369 -0.12 0.00628726 0.0134849
370 0 0.00627027 0.0134484
371 -0.36 0.00528302 0.0134484
372 -0.24 0.00462366 0.0134284
373 0.04 0.0047185 0.0133926
374 0.08 0.00491979 0.0133583
375 0.28 0.00565333 0.0133428
376 0.16 0.00606383 0.0133136
377 -0.12 0.00572944 0.0132825
378 -0.24 0.00507937 0.0132632
379 -0.28 0.00432718 0.0132495
380 -0.12 0.004 0.0132187
381 0.08 0.00419948 0.0131854
382 0 0.00418848 0.0131509
383 0.12 0.00449086 0.01312
384 -0.2 0.00395833 0.0130966
385 -0.2 0.00342857 0.0130733
386 0 0.00341969 0.0130394
387 0 0.00341085 0.0130056
388 0.08 0.00360825 0.0129736
389 -0.08 0.00339332 0.012942
390 -0.16 0.00297436 0.0129155
391 0.04 0.00306905 0.0128828
392 0.24 0.00367347 0.0128641
393 0.24 0.00427481 0.0128454
394 0.16 0.00467005 0.0128189
395 -0.24 0.00405063 0.0128014
396 -0.24 0.00343434 0.0127839
397 0 0.00342569 0.0127516
398 -0.08 0.00321608 0.0127213
399 -0.12 0.00290727 0.0126931
400 -0.36 0.002 0.0126938
401 -0.32 0.00119701 0.0126876
402 -0.4 0.000199005 0.0126952
403 -0.52 -0.00109181 0.0127293
404 -0.72 -0.00287129 0.0128219
405 -0.4 -0.00385185 0.0128277
406 -0.56 -0.00522167 0.0128692
407 -0.4 -0.00619165 0.0128741
408 -0.56 -0.00754902 0.012914
409 -0.36 -0.00841076 0.0129112
410 -0.28 -0.00907317 0.0128967
411 -0.12 -0.00934307 0.0128681
412 -0.16 -0.00970874 0.0128421
413 0 -0.00968523 0.0128109
414 0.16 -0.00927536 0.0127865
415 0.08 -0.00906024 0.0127575
416 0 -0.00903846 0.0127268
417 -0.08 -0.00920863 0.0126974
418 -0.16 -0.00956938 0.0126721
419 -0.24 -0.0101193 0.0126538
420 -0.32 -0.0108571 0.0126452
421 -0.68 -0.0124466 0.0127148
422 -0.52 -0.0136493 0.0127416
423 -0.56 -0.0149409 0.0127769
424 -0.44 -0.0159434 0.0127861
425 -0.32 -0.0166588 0.012776
426 -0.52 -0.0178404 0.0128006
427 -0.52 -0.0190164 0.0128246
428 -0.44 -0.02 0.0128324
429 -0.48 -0.0210723 0.0128473
430 -0.4 -0.0219535 0.0128476
431 -0.16 -0.0222738 0.0128218
432 -0.12 -0.0225 0.012794
433 0.28 -0.0218014 0.0127836
434 0.32 -0.0210138 0.0127784
435 0.32 -0.0202299 0.012773
436 -0.08 -0.020367 0.0127444
437 0.08 -0.0201373 0.0127173
438 0.16 -0.019726 0.0126949
439 0.12 -0.0194077 0.01267
440 0.04 -0.0192727 0.0126419
441 0.44 -0.0182313 0.0126561
442 0.24 -0.0176471 0.0126409
443 0.2 -0.0171558 0.0126219
444 0.24 -0.0165766 0.0126068
445 -0.12 -0.016809 0.0125806
446 -0.44 -0.0177578 0.0125881
447 -0.52 -0.0188814 0.0126101
448 -0.16 -0.0191964 0.0125859
449 -0.16 -0.01951 0.0125617
450 0 -0.0194667 0.0125338
451 0.16 -0.0190687 0.0125123
452 0.32 -0.0183186 0.0125071
453 0.4 -0.0173951 0.0125136
454 0.64 -0.0159471 0.0125697
455 0.24 -0.0153846 0.0125547
456 0.12 -0.0150877 0.0125306
457 0 -0.0150547 0.0125032
458 0.16 -0.0146725 0.0124817
459 0.16 -0.0142919 0.0124603
460 0.16 -0.013913 0.012439
461 0.16 -0.0135358 0.0124177
462 -0.12 -0.0137662 0.0123929
463 0.08 -0.0135637 0.0123678
464 0.12 -0.0132759 0.0123445
465 0.12 -0.0129892 0.0123212
466 0.12 -0.0127039 0.0122981
467 0 -0.0126767 0.0122717
468 0.16 -0.0123077 0.0122511
469 0.16 -0.0119403 0.0122304
470 -0.04 -0.012 0.0122045
471 -0.12 -0.0122293 0.0121807
472 -0.12 -0.0124576 0.012157
473 0.08 -0.0122622 0.0121329
474 0.08 -0.0120675 0.0121088
475 -0.2 -0.0124632 0.0120898
476 0 -0.012437 0.0120644
477 -0.12 -0.0126625 0.0120412
478 0.44 -0.0117155 0.0120532
479 0.32 -0.011023 0.012048
480 0.12 -0.01075 0.0120259
481 0.2 -0.0103119 0.0120089
482 0.24 -0.00979253 0.0119952
483 -0.04 -0.00985507 0.0119705
484 -0.08 -0.01 0.0119466
485 -0.16 -0.0103093 0.011926
486 -0.08 -0.0104527 0.0119023
487 0 -0.0104312 0.0118778
488 0.16 -0.010082 0.0118586
489 0.16 -0.00973415 0.0118395
490 -0.4 -0.0105306 0.0118421
491 -0.44 -0.0114053 0.0118503
492 0.08 -0.0112195 0.0118276
493 0.04 -0.0111156 0.0118041
494 -0.16 -0.011417 0.011784
495 -0.2 -0.011798 0.0117663
496 -0.12 -0.0120161 0.0117446
497 -0.2 -0.0123944 0.0117271
498 -0.08 -0.0125301 0.0117043
499 -0.28 -0.0130661 0.0116931
500 -0.24 -0.01352 0.0116785
501 -0.08 -0.0136527 0.0116559
502 0.12 -0.0133865 0.0116357
503 0.12 -0.0131213 0.0116156
504 0.16 -0.0127778 0.0115976
505 0.12 -0.0125149 0.0115776
506 0.12 -0.012253 0.0115577
507 0 -0.0122288 0.0115349
508 0.28 -0.0116535 0.0115265
509 0.32 -0.011002 0.0115223
510 0.36 -0.0102745 0.0115227
511 0.16 -0.00994129 0.0115049
512 0 -0.00992188 0.0114824
513 0 -0.00990253 0.01146
514 -0.12 -0.0101167 0.0114397
515 -0.24 -0.0105631 0.0114262
516 -0.48 -0.0114729 0.0114403
517 -0.12 -0.0116828 0.0114201
518 -0.16 -0.0119691 0.0114016
519 0.04 -0.011869 0.01138
520 0.2 -0.0114615 0.0113654
521 0.16 -0.0111324 0.0113484
522 0.04 -0.0110345 0.011327
523 0.08 -0.0108604 0.0113067
524 0 -0.0108397 0.0112851
525 -0.32 -0.0114286 0.011279
526 -0.28 -0.0119392 0.0112691
527 -0.32 -0.0125237 0.0112629
528 -0.28 -0.0130303 0.0112529
529 -0.4 -0.0137618 0.0112554
530 -0.32 -0.0143396 0.011249
531 -0.2 -0.0146893 0.0112333
532 -0.08 -0.014812 0.0112128
533 -0.04 -0.0148593 0.0111918
534 0.12 -0.0146067 0.0111737
535 0.04 -0.0145047 0.0111533
536 0 -0.0144776 0.0111325
537 -0.2 -0.0148231 0.0111171
538 -0.48 -0.0156877 0.0111301
539 -0.24 -0.0161039 0.0111172
540 -0.08 -0.0162222 0.0110972
541 -0.28 -0.0167098 0.0110874
542 -0.2 -0.017048 0.0110721
543 -0.16 -0.0173112 0.0110548
544 -0.32 -0.0178676 0.0110485
545 -0.24 -0.0182752 0.0110357
546 0.12 -0.018022 0.0110184
547 0.24 -0.0175503 0.0110084
548 0 -0.0175182 0.0109883
549 0.04 -0.0174135 0.0109688
550 0.12 -0.0171636 0.0109517
551 -0.16 -0.0174229 0.0109348
552 0 -0.0173913 0.0109151
553 0.12 -0.0171429 0.0108981
554 -0.08 -0.0172563 0.010879
555 0.24 -0.0167928 0.0108693
556 -0.16 -0.0170504 0.0108528
557 0.08 -0.0168761 0.0108347
558 0.24 -0.0164158 0.0108251
559 0.16 -0.0161002 0.0108103
560 0.04 -0.016 0.0107914
561 -0.08 -0.0161141 0.0107728
562 0.08 -0.0159431 0.010755
563 -0.12 -0.0161279 0.0107374
564 -0.16 -0.016383 0.0107214
565 -0.2 -0.016708 0.0107073
566 -0.12 -0.0168905 0.01069
567 0.08 -0.0167196 0.0106725
568 0.12 -0.0164789 0.0106564
569 -0.12 -0.0166608 0.0106392
570 -0.04 -0.0167018 0.0106206
571 -0.04 -0.0167426 0.010602
572 -0.04 -0.0167832 0.0105836
573 0.08 -0.0166143 0.0105664
574 0.16 -0.0163066 0.0105525
575 0.28 -0.0157913 0.0105467
576 0 -0.0157639 0.0105284
577 -0.28 -0.0162218 0.0105201
578 -0.32 -0.0167474 0.0105151
579 -0.32 -0.0172712 0.01051
580 0 -0.0172414 0.0104919
581 -0.2 -0.0175559 0.0104785
582 -0.08 -0.0176632 0.010461
583 0.32 -0.017084 0.0104591
584 0.36 -0.0164384 0.0104612
585 0.4 -0.0157265 0.0104675
586 0.36 -0.0150853 0.0104693
587 0.2 -0.0147189 0.0104578
588 -0.24 -0.015102 0.0104471
589 0.08 -0.0149406 0.0104306
590 -0.08 -0.0150508 0.0104134
591 0.08 -0.01489 0.0103971
592 0.08 -0.0147297 0.0103807
593 0.16 -0.0144351 0.0103674
594 -0.04 -0.0144781 0.01035
595 -0.24 -0.0148571 0.0103395
596 -0.32 -0.0153691 0.0103349
597 -0.44 -0.0160804 0.010342
598 -0.48 -0.0168562 0.0103538
599 -0.52 -0.0176962 0.0103706
600 -0.28 -0.0181333 0.0103625
601 -0.24 -0.0185025 0.0103519
602 -0.12 -0.0186711 0.010336
603 -0.12 -0.0188391 0.0103202
604 -0.16 -0.0190728 0.0103058
605 0 -0.0190413 0.0102888
606 0.04 -0.0189439 0.0102723
607 0.08 -0.0187809 0.0102566
608 0.2 -0.0184211 0.0102461
609 -0.08 -0.0185222 0.0102297
610 0.56 -0.0175738 0.0102569
611 0.32 -0.0170213 0.010255
612 0 -0.0169935 0.0102382
613 -0.08 -0.0170962 0.010222
614 0 -0.0170684 0.0102054
615 0.28 -0.0165854 0.0102002
616 0.64 -0.0155195 0.0102393
617 0.36 -0.0149109 0.0102408
618 0.48 -0.01411 0.0102555
619 0.56 -0.0131826 0.0102809
620 0.52 -0.0123226 0.0103002
621 0.36 -0.011723 0.0103011
622 0.24 -0.0113183 0.0102925
623 0.12 -0.0111075 0.0102781
624 -0.04 -0.0111538 0.0102617
625 0.04 -0.011072 0.0102456
626 0 -0.0110543 0.0102293
627 -0.08 -0.0111643 0.0102135
628 0 -0.0111465 0.0101973
629 0.12 -0.010938 0.0101832
630 0.32 -0.0104127 0.0101806
631 0.12 -0.010206 0.0101665
632 0.2 -0.00987342 0.0101559
633 0.2 -0.00954186 0.0101452
634 0.12 -0.00933754 0.0101313
635 -0.16 -0.0095748 0.0101181
636 -0.36 -0.0101258 0.0101172
637 0 -0.0101099 0.0101013
638 0.16 -0.00984326 0.010089
639 0.24 -0.00945227 0.0100808
640 0.48 -0.0086875 0.010094
641 0.04 -0.00861154 0.0100785
642 0.04 -0.00853583 0.0100631
643 -0.04 -0.00858476 0.0100476
644 0.16 -0.00832298 0.0100354
645 0.16 -0.00806202 0.0100232
646 0.12 -0.00786378 0.0100096
647 0.08 -0.00772798 0.00999507
648 0.36 -0.00716049 0.00999575
649 0 -0.00714946 0.00998034
650 -0.12 -0.00732308 0.00996649
651 -0.24 -0.00768049 0.00995758
652 -0.32 -0.00815951 0.00995383
653 -0.48 -0.00888208 0.00996481
654 -0.64 -0.00984709 0.00999625
655 -0.36 -0.0103817 0.00999528
656 0 -0.0103659 0.00998005
657 0.08 -0.0102283 0.0099658
658 0.08 -0.0100912 0.00995158
659 -0.04 -0.0101366 0.00993657
660 0.16 -0.00987879 0.00992486
661 -0.04 -0.00992436 0.00990993
662 0.32 -0.00942598 0.0099075
663 0.24 -0.00904977 0.00989969
664 0.32 -0.00855422 0.00989719
665 0.16 -0.00830075 0.00988554
666 0.16 -0.00804805 0.00987392
667 0.28 -0.00761619 0.00986856
668 0.28 -0.00718563 0.00986318
669 0.4 -0.00657698 0.00986721
670 0 -0.00656716 0.00985248
671 0.12 -0.00637854 0.00983959
672 0.44 -0.00571429 0.00984737
673 0.36 -0.00517088 0.00984773
674 0.48 -0.00445104 0.00985942
675 0.12 -0.00426667 0.00984653
676 -0.16 -0.00449704 0.00983465
677 0 -0.0044904 0.00982012
678 0.08 -0.00436578 0.00980642
679 0.08 -0.00424153 0.00979275
680 0 -0.00423529 0.00977834
681 -0.12 -0.00440529 0.00976545
682 -0.08 -0.00451613 0.00975175
683 -0.12 -0.00468521 0.00973893
684 -0.2 -0.00497076 0.00972887
685 -0.16 -0.00519708 0.0097173
686 -0.24 -0.00553936 0.00970916
687 -0.4 -0.00611354 0.009712
688 -0.28 -0.00651163 0.00970604
689 0.04 -0.00644412 0.00969218
690 0.12 -0.00626087 0.00967986
691 -0.04 -0.0063097 0.00966596
692 -0.4 -0.00687861 0.00966874
693 -0.28 -0.00727273 0.00966282
694 0.16 -0.0070317 0.00965189
695 0.04 -0.00696403 0.00963823
696 -0.16 -0.00718391 0.00962689
697 0.24 -0.00682927 0.0096196
698 0.12 -0.00664756 0.00960753
699 0.04 -0.00658083 0.00959401
700 0.16 -0.00634286 0.00958325
701 -0.16 -0.00656205 0.00957208
702 0.2 -0.00626781 0.00956296
703 0 -0.00625889 0.00954935
704 0.2 -0.00596591 0.00954028
705 0.32 -0.00550355 0.00953795
706 0.32 -0.00504249 0.00953558
707 0.16 -0.00480905 0.00952495
708 0.32 -0.00435028 0.00952254
709 0.28 -0.00394922 0.00951755
710 0.4 -0.00338028 0.00952115
711 0.68 -0.00241913 0.00955621
712 0.4 -0.00185393 0.0095595
713 0.36 -0.00134642 0.00955957
714 0.36 -0.000840336 0.00955957
715 0.24 -0.000503497 0.00955214
716 0.32 -5.58659e-05 0.00954928
717 0.52 0.000669456 0.0095635
718 0.48 0.00133705 0.00957348
719 0.32 0.00178025 0.00957042
720 -0.08 0.00166667 0.00955779
721 -0.04 0.00160888 0.0095447
722 0.28 0.00199446 0.00953927
723 0.4 0.00254495 0.00954196
724 0.32 0.00298343 0.00953885
725 0.36 0.00347586 0.00953841
726 0 0.00347107 0.00952526
727 0.2 0.0037414 0.00951599
728 0.32 0.00417582 0.00951283
729 0.28 0.00455418 0.00950731
730 0.36 0.0050411 0.00950675
731 0.12 0.00519836 0.00949504
732 0.2 0.00546448 0.00948579
733 0.32 0.00589359 0.00948256
734 0.2 0.00615804 0.00947332
735 0.08 0.0062585 0.00946096
736 0.32 0.00668478 0.00945771
737 0.4 0.00721845 0.00945993
738 0.48 0.00785908 0.0094688
739 0.4 0.00838972 0.00947086
740 0.4 0.00891892 0.00947284
741 0.52 0.00960864 0.00948516
742 0.16 0.00981132 0.00947454
743 0.16 0.0100135 0.00946393
744 -0.08 0.00989247 0.00945198
745 -0.08 0.00977181 0.00944005
746 0.08 0.00986595 0.00942786
747 0.04 0.00990629 0.00941532
748 -0.24 0.00957219 0.00940866
749 0.12 0.00971963 0.00939724
750 0.16 0.00992 0.00938684
751 0.4 0.0104394 0.00938872
752 0.32 0.0108511 0.00938525
753 0.4 0.0113679 0.00938702
754 0.08 0.0114589 0.009375
755 -0.04 0.0113907 0.00936283
756 0.44 0.0119577 0.00936761
757 0.36 0.0124174 0.00936651
758 0.48 0.0130343 0.00937447
759 0.48 0.0136495 0.0093823
760 0.6 0.0144211 0.00940166
761 0.32 0.0148226 0.00939788
762 0.6 0.0155906 0.0094169
763 0.52 0.0162516 0.00942776
764 0.64 0.0170681 0.00945074
765 0.28 0.0174118 0.00944463
766 0 0.017389 0.00943232
767 -0.04 0.0173142 0.00942031
768 0 0.0172917 0.00940807
769 -0.24 0.0169571 0.00940178
770 -0.48 0.0163117 0.00941172
771 -0.36 0.0158236 0.00941217
772 -0.6 0.0150259 0.00943375
773 -0.64 0.0141785 0.00945957
774 -0.28 0.0137984 0.00945498
775 -0.4 0.0132645 0.00945786
776 -0.48 0.0126289 0.00946703
777 -0.2 0.0123552 0.00945879
778 0 0.0123393 0.00944664
779 0.2 0.0125802 0.00943758
780 -0.16 0.012359 0.00942807
781 -0.16 0.0121383 0.00941858
782 0.08 0.0122251 0.00940693
783 0.24 0.012516 0.00939941
784 0.04 0.012551 0.00938748
785 -0.24 0.0122293 0.00938103
786 -0.24 0.0119084 0.00937458
787 -0.12 0.0117408 0.00936416
788 0 0.0117259 0.00935228
789 0.2 0.0119645 0.00934347
790 0.08 0.0120506 0.00933203
791 0.04 0.012086 0.00932029
792 0.12 0.0122222 0.00930951
793 0.12 0.0123581 0.00929876
794 0.2 0.0125945 0.00929005
795 0.44 0.0131321 0.00929392
796 0.16 0.0133166 0.00928407
797 0.16 0.0135006 0.00927424
798 -0.12 0.0133333 0.00926412
799 -0.08 0.0132165 0.00925326
800 0.04 0.01325 0.00924174
801 -0.24 0.0129338 0.00923561
802 -0.16 0.0127182 0.00922661
803 -0.28 0.0123537 0.00922232
804 -0.36 0.0118905 0.00922248
805 -0.36 0.0114286 0.00922259
806 -0.2 0.0111663 0.00921488
807 -0.24 0.010855 0.00920871
808 -0.04 0.0107921 0.00919752
809 0.08 0.0108776 0.00918654
810 -0.16 0.0106667 0.00917762
811 0.2 0.0109001 0.00916927
812 0.12 0.0110345 0.00915896
813 -0.04 0.0109717 0.0091479
814 -0.04 0.0109091 0.00913687
815 -0.12 0.0107485 0.00912706
816 -0.08 0.0106373 0.00911655
817 -0.12 0.0104774 0.00910679
818 0.04 0.0105134 0.00909572
819 0.08 0.0105983 0.009085
820 0.24 0.010878 0.00907823
821 0.16 0.0110597 0.00906898
822 0.08 0.0111436 0.00905833
823 0.04 0.0111786 0.00904739
824 0.08 0.0112621 0.00903679
825 0.16 0.0114424 0.00902763
826 0.12 0.0115738 0.00901765
827 0.28 0.0118984 0.00901259
828 0.12 0.012029 0.00900264
829 -0.12 0.0118697 0.00899319
830 0.04 0.0119036 0.00898241
831 0.12 0.0120337 0.00897253
832 0.08 0.0121154 0.00896212
833 0.16 0.0122929 0.00895311
834 0.08 0.0123741 0.00894274
835 0.24 0.0126467 0.00893618
836 0.04 0.0126794 0.00892555
837 0.16 0.0128554 0.00891661
838 -0.16 0.0126492 0.00890835
839 -0.16 0.0124434 0.00890011
840 -0.2 0.0121905 0.0088931
841 0 0.012176 0.00888254
842 0.32 0.0125416 0.00887951
843 0.36 0.0129537 0.00887854
844 0.32 0.0133175 0.00887547
845 0.48 0.0138698 0.00888215
846 0.28 0.0141844 0.00887722
847 0.04 0.0142149 0.00886679
848 0.12 0.0143396 0.0088572
849 0.2 0.0145583 0.00884947
850 0.44 0.0150588 0.00885321
851 0.48 0.0156052 0.00885966
852 0.28 0.0159155 0.0088547
853 0.28 0.0162251 0.00884973
854 0.16 0.0163934 0.00884096
855 0.16 0.0165614 0.00883221
856 0 0.0165421 0.00882191
857 0.04 0.0165694 0.00881165
858 -0.04 0.0165035 0.00880162
859 -0.12 0.0163446 0.00879281
860 0 0.0163256 0.0087826
861 0 0.0163066 0.00877241
862 0.28 0.0166125 0.00876757
863 0.12 0.0167323 0.00875822
864 -0.04 0.0166667 0.00874833
865 0.08 0.0167399 0.00873851
866 -0.04 0.0166744 0.00872866
867 -0.4 0.0161938 0.00873182
868 -0.12 0.0160369 0.00872317
869 0 0.0160184 0.00871315
870 -0.12 0.0158621 0.00870453
871 -0.12 0.0157061 0.00869593
872 0.28 0.0160092 0.00869124
873 0.32 0.0163574 0.00868826
874 0.16 0.0165217 0.00867987
875 0.04 0.0165486 0.00866998
876 0.32 0.016895 0.008667
877 0.04 0.0169213 0.00865716
878 0.16 0.0170843 0.00864883
879 0.36 0.0174744 0.00864779
880 0.6 0.0181364 0.00866328
881 0.6 0.0187968 0.00867861
882 0.64 0.0195011 0.00869733
883 0.68 0.0202492 0.00871962
884 0.52 0.0208145 0.00872807
885 0.16 0.0209718 0.00871962
886 0.24 0.021219 0.00871329
887 0.28 0.0215107 0.00870834
888 -0.16 0.0213063 0.00870093
889 0.24 0.0215523 0.00869462
890 0.2 0.0217528 0.00868716
891 0.28 0.0220426 0.00868225
892 0.52 0.0226009 0.00869045
893 0.36 0.0229787 0.00868894
894 0.48 0.0234899 0.00869425
895 0.32 0.0238212 0.00869085
896 0.52 0.024375 0.00869879
897 0.28 0.02466 0.00869376
898 -0.04 0.024588 0.00868437
899 0.2 0.0247831 0.0086769
900 0.2 0.0249778 0.00866944
901 -0.08 0.0248613 0.0086606
902 0.2 0.0250554 0.00865317
903 0.04 0.025072 0.0086436
904 0.04 0.0250885 0.00863405
905 0 0.0250608 0.00862454
906 0.04 0.0250773 0.00861504
907 0.16 0.025226 0.00860682
908 0.32 0.0255507 0.00860346
909 0.32 0.0258746 0.00860009
910 0 0.0258462 0.00859068
911 0.12 0.0259495 0.00858187
912 -0.16 0.0257456 0.00857488
913 -0.36 0.0253231 0.0085759
914 -0.64 0.0245952 0.00859738
915 -0.56 0.0239563 0.00861171
916 -0.44 0.0234498 0.0086172
917 -0.28 0.0231189 0.00861416
918 -0.2 0.0228758 0.0086082
919 -0.28 0.0225462 0.00860514
920 0.12 0.0226522 0.00859644
921 0.08 0.0227144 0.00858733
922 0.32 0.0230369 0.00858406
923 0.4 0.0234453 0.00858448
924 0.32 0.0237662 0.00858119
925 0.44 0.0242162 0.00858371
926 0.36 0.0245788 0.0085821
927 0.52 0.0251133 0.00858948
928 0.56 0.0256897 0.00859956
929 0.48 0.0261787 0.0086042
930 0.56 0.0267527 0.00861409
931 0.8 0.0275832 0.00864482
932 0.76 0.0283691 0.00867123
933 0.52 0.028896 0.00867794
934 0.68 0.0295931 0.00869663
935 0.36 0.0299465 0.00869451
936 0.24 0.0301709 0.00868811
937 0.04 0.0301814 0.00867884
938 -0.2 0.029936 0.00867306
939 -0.2 0.0296912 0.00866728
940 -0.16 0.0294894 0.0086604
941 -0.2 0.0292455 0.00865463
942 -0.2 0.0290021 0.00864886
943 -0.28 0.0286744 0.0086459
944 -0.4 0.0282203 0.00864866
945 -0.16 0.0280212 0.0086418
946 -0.08 0.027907 0.00863342
947 -0.08 0.027793 0.00862505
948 0.16 0.0279325 0.00861707
949 0.12 0.0280295 0.00860854
950 0.2 0.0282105 0.00860137
951 0.12 0.028307 0.00859287
952 0.2 0.0284874 0.00858573
953 0.04 0.0284995 0.00857673
954 -0.04 0.0284277 0.00856803
955 -0.08 0.0283141 0.00855981
956 0.04 0.0283264 0.00855086
957 0 0.0282968 0.00854197
958 -0.04 0.0282255 0.00853335
959 -0.08 0.0281126 0.00852519
960 -0.2 0.027875 0.00851962
961 -0.2 0.0276379 0.00851405
962 -0.2 0.0274012 0.00850849
963 -0.16 0.0272066 0.00850188
964 -0.36 0.026805 0.00850255
965 -0.48 0.0262798 0.00850995
966 -0.36 0.0258799 0.00851054
967 0.04 0.0258945 0.00850174
968 0.12 0.0259917 0.00849351
969 0.28 0.0262539 0.00848879
970 0.04 0.026268 0.00848005
971 -0.2 0.026035 0.00847451
972 -0.24 0.0257613 0.00847021
973 -0.2 0.0255293 0.00846468
974 -0.12 0.0253799 0.00845731
975 -0.16 0.0251897 0.00845077
976 0.2 0.0253689 0.00844401
977 0 0.0253429 0.0084354
978 -0.24 0.0250716 0.00843114
979 0.16 0.0252094 0.00842365
980 0.44 0.0256327 0.00842569
981 0.4 0.0260143 0.00842574
982 0.48 0.0264766 0.00842984
983 0.2 0.0266531 0.00842311
984 0.16 0.0267886 0.00841564
985 0 0.0267614 0.00840713
986 -0.12 0.0266126 0.00839992
987 -0.12 0.026464 0.00839272
988 -0.16 0.0262753 0.00838635
989 -0.4 0.0258443 0.00838894
990 -0.28 0.0255354 0.00838616
991 0 0.0255096 0.00837773
992 -0.08 0.0254032 0.00836996
993 -0.2 0.0251762 0.0083646
994 -0.36 0.0247887 0.00836516
995 -0.44 0.0243216 0.0083698
996 -0.32 0.0239759 0.00836853
997 -0.28 0.023671 0.00836569
998 -0.04 0.0236072 0.00835755
999 -0.12 0.0234635 0.00835042
1000 -0.28 0.02316 0.00834758
