1 -0.12 -0.12 0
2 -0.44 -0.28 0.16
3 -0.6 -0.386667 0.141107
4 -0.44 -0.4 0.100664
5 -0.52 -0.424 0.0815843
6 -0.6 -0.453333 0.0727858
7 -0.6 -0.474286 0.0649856
8 -0.6 -0.49 0.0584319
9 -0.44 -0.484444 0.0518307
10 -0.52 -0.488 0.0464949
11 -0.84 -0.52 0.0528463
12 -0.84 -0.546667 0.0551215
13 -0.76 -0.563077 0.0532939
14 -0.6 -0.565714 0.049411
15 -0.36 -0.552 0.048
16 -0.52 -0.55 0.0449444
17 -0.44 -0.543529 0.0427109
18 -0.6 -0.546667 0.0403903
19 -0.68 -0.553684 0.0388445
20 -0.76 -0.564 0.0382678
21 -0.52 -0.561905 0.0364601
22 -0.52 -0.56 0.0348155
23 -0.6 -0.561739 0.0333128
24 -0.68 -0.566667 0.032273
25 -0.52 -0.5648 0.0310114
26 -0.44 -0.56 0.030179
27 -0.28 -0.54963 0.0308358
28 -0.6 -0.551429 0.0297686
29 -0.6 -0.553103 0.0287725
30 -0.6 -0.554667 0.0278408
31 -0.44 -0.550968 0.0271806
32 -0.52 -0.55 0.0263353
33 -0.6 -0.551515 0.0255697
34 -0.6 -0.552941 0.0248472
35 -0.52 -0.552 0.0241452
36 -0.68 -0.555556 0.0237328
37 -0.52 -0.554595 0.0231024
38 -0.52 -0.553684 0.0225047
39 -0.6 -0.554872 0.0219522
40 -0.6 -0.556 0.0214261
41 -0.6 -0.557073 0.0209245
42 -0.44 -0.554286 0.0206096
43 -0.76 -0.55907 0.0206854
44 -0.84 -0.565455 0.0211944
45 -0.68 -0.568 0.0208738
46 -0.52 -0.566957 0.0204417
47 -0.52 -0.565957 0.0200269
48 -0.6 -0.566667 0.0196181
49 -0.44 -0.564082 0.0193867
50 -0.44 -0.5616 0.0191564
51 -0.44 -0.559216 0.0189278
52 -0.52 -0.558462 0.0185756
53 -0.52 -0.557736 0.0182362
54 -0.6 -0.558519 0.0179124
55 -0.68 -0.560727 0.0177219
56 -0.68 -0.562857 0.0175324
57 -0.6 -0.563509 0.0172344
58 -0.6 -0.564138 0.0169463
59 -0.6 -0.564746 0.0166677
60 -0.76 -0.568 0.0167075
61 -0.52 -0.567213 0.0164502
62 -0.36 -0.563871 0.0165242
63 -0.28 -0.559365 0.0168726
64 -0.76 -0.5625 0.0169002
65 -0.76 -0.565538 0.0169133
66 -0.76 -0.568485 0.0169137
67 -0.76 -0.571343 0.0169028
68 -0.68 -0.572941 0.0167288
69 -0.52 -0.572174 0.0165024
70 -0.6 -0.572571 0.0162698
71 -0.44 -0.570704 0.0161474
72 -0.52 -0.57 0.0159371
73 -0.52 -0.569315 0.0157322
74 -0.6 -0.56973 0.0155237
75 -0.52 -0.569067 0.0153296
76 -0.68 -0.570526 0.0151968
77 -0.6 -0.570909 0.0150031
78 -0.68 -0.572308 0.0148754
79 -0.52 -0.571646 0.0147008
80 -0.52 -0.571 0.0145302
81 -0.68 -0.572346 0.0144126
82 -0.44 -0.570732 0.014327
83 -0.6 -0.571084 0.0141577
84 -0.6 -0.571429 0.0139924
85 -0.68 -0.572706 0.0138857
86 -0.68 -0.573953 0.0137799
87 -0.76 -0.576092 0.0137874
88 -0.76 -0.578182 0.0137891
89 -0.52 -0.577528 0.013649
90 -0.68 -0.578667 0.0135444
91 -0.52 -0.578022 0.0134102
92 -0.44 -0.576522 0.0133482
93 -0.6 -0.576774 0.0132064
94 -0.36 -0.574468 0.0132671
95 -0.36 -0.572211 0.0133194
96 -0.76 -0.574167 0.0133243
97 -0.68 -0.575258 0.0132313
98 -0.84 -0.577959 0.0133713
99 -0.76 -0.579798 0.0133627
100 -0.84 -0.5824 0.0134818
101 -0.6 -0.582574 0.0133488
102 -0.52 -0.581961 0.0132315
103 -0.6 -0.582136 0.0131036
104 -0.52 -0.581538 0.0129908
105 -0.6 -0.581714 0.0128676
106 -0.68 -0.582642 0.0127794
107 -0.6 -0.582804 0.0126604
108 -0.36 -0.580741 0.0127111
109 -0.52 -0.580183 0.0126063
110 -0.52 -0.579636 0.0125032
111 -0.36 -0.577658 0.012547
112 -0.28 -0.575 0.0127153
113 -0.28 -0.572389 0.0128699
114 -0.44 -0.571228 0.0128092
115 -0.44 -0.570087 0.0127485
116 -0.52 -0.569655 0.0126455
117 -0.28 -0.567179 0.0127791
118 -0.44 -0.566102 0.0127161
119 -0.52 -0.565714 0.0126147
120 -0.6 -0.566 0.0125124
121 -0.68 -0.566942 0.0124443
122 -0.6 -0.567213 0.0123448
123 -0.6 -0.56748 0.012247
124 -0.68 -0.568387 0.0121816
125 -0.52 -0.568 0.01209
126 -0.6 -0.568254 0.0119963
127 -0.44 -0.567244 0.0119443
128 -0.44 -0.56625 0.0118922
129 -0.52 -0.565891 0.0118051
130 -0.52 -0.565538 0.0117193
131 -0.52 -0.565191 0.0116347
132 -0.52 -0.564848 0.0115513
133 -0.6 -0.565113 0.0114671
134 -0.52 -0.564776 0.0113862
135 -0.44 -0.563852 0.0113393
136 -0.68 -0.564706 0.0112879
137 -0.52 -0.56438 0.01121
138 -0.52 -0.564058 0.0111331
139 -0.6 -0.564317 0.0110558
140 -0.6 -0.564571 0.0109795
141 -0.52 -0.564255 0.0109059
142 -0.52 -0.563944 0.0108333
143 -0.52 -0.563636 0.0107617
144 -0.52 -0.563333 0.010691
145 -0.6 -0.563586 0.01062
146 -0.44 -0.56274 0.0105809
147 -0.44 -0.561905 0.0105418
148 -0.52 -0.561622 0.0104742
149 -0.36 -0.560268 0.0104913
150 -0.52 -0.56 0.0104245
151 -0.6 -0.560265 0.0103587
152 -0.44 -0.559474 0.0103207
153 -0.44 -0.558693 0.0102827
154 -0.6 -0.558961 0.0102192
155 -0.84 -0.560774 0.0103137
156 -0.76 -0.562051 0.0103266
157 -0.76 -0.563312 0.0103378
158 -0.52 -0.563038 0.0102758
159 -0.6 -0.56327 0.0102137
160 -0.6 -0.5635 0.0101522
161 -0.76 -0.56472 0.0101625
162 -0.76 -0.565926 0.0101713
163 -0.68 -0.566626 0.0101329
164 -0.76 -0.567805 0.0101397
165 -0.6 -0.568 0.0100799
166 -0.52 -0.567711 0.0100232
167 -0.44 -0.566946 0.00999232
168 -0.68 -0.567619 0.00995543
169 -0.6 -0.567811 0.0098982
170 -0.44 -0.567059 0.00986849
171 -0.6 -0.567251 0.0098125
172 -0.76 -0.568372 0.00981944
173 -0.76 -0.56948 0.00982515
174 -0.44 -0.568736 0.00979682
175 -0.68 -0.569371 0.00976141
176 -0.68 -0.57 0.00972612
177 -0.68 -0.570621 0.00969096
178 -0.6 -0.570787 0.00963778
179 -0.6 -0.57095 0.00958517
180 -0.68 -0.571556 0.00955101
181 -0.52 -0.571271 0.00950236
182 -0.44 -0.570549 0.00947749
183 -0.44 -0.569836 0.00945252
184 -0.52 -0.569565 0.00940491
185 -0.36 -0.568432 0.00942227
186 -0.52 -0.568172 0.0093751
187 -0.52 -0.567914 0.00932838
188 -0.6 -0.568085 0.0092802
189 -0.44 -0.567407 0.00925581
190 -0.52 -0.567158 0.00921035
191 -0.6 -0.56733 0.00916362
192 -0.6 -0.5675 0.00911735
193 -0.6 -0.567668 0.00907155
194 -0.68 -0.568247 0.00904323
195 -0.68 -0.568821 0.00901496
196 -0.68 -0.569388 0.00898677
197 -0.6 -0.569543 0.00894239
198 -0.52 -0.569293 0.00890063
199 -0.52 -0.569045 0.00885925
200 -0.6 -0.5692 0.0088162
201 -0.68 -0.569751 0.00878953
202 -0.68 -0.570297 0.00876293
203 -0.44 -0.569655 0.00874324
204 -0.6 -0.569804 0.00870155
205 -0.6 -0.569951 0.00866025
206 -0.68 -0.570485 0.00863465
207 -0.76 -0.571401 0.00864147
208 -0.76 -0.572308 0.0086475
209 -0.6 -0.57244 0.00860704
210 -0.52 -0.57219 0.0085696
211 -0.52 -0.571943 0.00853247
212 -0.36 -0.570943 0.00855077
213 -0.68 -0.571455 0.00852592
214 -0.44 -0.570841 0.00850819
215 -0.6 -0.570977 0.00846961
216 -0.6 -0.571111 0.00843138
217 -0.52 -0.570876 0.00839574
218 -0.68 -0.571376 0.00837212
219 -0.76 -0.572237 0.00837819
220 -0.6 -0.572364 0.00834097
221 -0.84 -0.573575 0.008391
222 -0.6 -0.573694 0.00835396
223 -0.52 -0.573453 0.0083199
224 -0.52 -0.573214 0.00828611
225 -0.68 -0.573689 0.00826284
226 -0.44 -0.573097 0.00824744
227 -0.2 -0.571454 0.00837391
228 -0.44 -0.570877 0.00835702
229 -0.68 -0.571354 0.00833408
230 -0.6 -0.571478 0.0082987
231 -0.52 -0.571255 0.0082657
232 -0.68 -0.571724 0.00824333
233 -0.52 -0.571502 0.00821088
234 -0.52 -0.571282 0.00817867
235 -0.36 -0.570383 0.00819328
236 -0.52 -0.570169 0.00816128
237 -0.44 -0.56962 0.00814531
238 -0.44 -0.569076 0.00812927
239 -0.68 -0.56954 0.00810848
240 -0.68 -0.57 0.00808773
241 -0.76 -0.570788 0.0080926
242 -0.68 -0.57124 0.00807171
243 -0.76 -0.572016 0.00807587
244 -0.76 -0.572787 0.00807952
245 -0.52 -0.572571 0.00804936
246 -0.52 -0.572358 0.00801942
247 -0.68 -0.572794 0.00799877
248 -0.68 -0.573226 0.00797817
249 -0.6 -0.573333 0.00794679
250 -0.6 -0.57344 0.00791566
251 -0.68 -0.573865 0.00789548
252 -0.6 -0.573968 0.00786477
253 -0.68 -0.574387 0.00784483
254 -0.68 -0.574803 0.00782494
255 -0.6 -0.574902 0.00779482
256 -0.52 -0.574687 0.00776727
257 -0.68 -0.575097 0.00774783
258 -0.76 -0.575814 0.00775095
259 -0.6 -0.575907 0.00772153
260 -0.68 -0.576308 0.00770219
261 -0.6 -0.576398 0.00767316
262 -0.52 -0.576183 0.00764684
263 -0.6 -0.576274 0.00761825
264 -0.36 -0.575455 0.00763342
265 -0.44 -0.574943 0.00762172
266 -0.52 -0.574737 0.00759583
267 -0.44 -0.574232 0.00758413
268 -0.6 -0.574328 0.00755639
269 -0.52 -0.574126 0.00753096
270 -0.36 -0.573333 0.00754481
271 -0.36 -0.572546 0.00755802
272 -0.28 -0.571471 0.00760661
273 -0.44 -0.570989 0.00759398
274 -0.44 -0.570511 0.0075813
275 -0.44 -0.570036 0.00756858
276 -0.52 -0.569855 0.00754328
277 -0.36 -0.569097 0.00755409
278 -0.44 -0.568633 0.00754118
279 -0.6 -0.568746 0.00751494
280 -0.68 -0.569143 0.00749859
281 -0.68 -0.569537 0.00748226
282 -0.6 -0.569645 0.00745646
283 -0.52 -0.56947 0.00743214
284 -0.6 -0.569577 0.0074067
285 -0.44 -0.569123 0.00739466
286 -0.6 -0.569231 0.00736955
287 -0.52 -0.569059 0.00734583
288 -0.52 -0.568889 0.00732226
289 -0.68 -0.569273 0.007307
290 -0.52 -0.569103 0.00728374
291 -0.68 -0.569485 0.00726867
292 -0.52 -0.569315 0.00724572
293 -0.12 -0.567782 0.00738198
294 -0.52 -0.567619 0.00735862
295 -0.6 -0.567729 0.00733446
296 -0.6 -0.567838 0.00731045
297 -0.68 -0.568215 0.00729558
298 -0.76 -0.568859 0.00729948
299 -0.84 -0.569766 0.00733133
300 -0.68 -0.570133 0.00731608
301 -0.84 -0.57103 0.00734665
302 -0.52 -0.570861 0.00732423
303 -0.52 -0.570693 0.00730195
304 -0.68 -0.571053 0.00728676
305 -0.76 -0.571672 0.00728921
306 -0.76 -0.572288 0.00729137
307 -0.68 -0.572638 0.00727604
308 -0.76 -0.573247 0.00727785
309 -0.68 -0.573592 0.00726248
310 -0.68 -0.573935 0.00724715
311 -0.6 -0.574019 0.00722429
312 -0.52 -0.573846 0.00720318
313 -0.28 -0.572907 0.00724125
314 -0.6 -0.572994 0.00721866
315 -0.6 -0.573079 0.00719622
316 -0.44 -0.572658 0.00718576
317 -0.6 -0.572744 0.00716358
318 -0.6 -0.57283 0.00714153
319 -0.68 -0.573166 0.00712703
320 -0.68 -0.5735 0.00711256
321 -0.68 -0.573832 0.00709813
322 -0.76 -0.57441 0.00709963
323 -0.84 -0.575232 0.00712522
324 -0.76 -0.575802 0.00712605
325 -0.52 -0.575631 0.00710617
326 -0.52 -0.57546 0.00708639
327 -0.6 -0.575535 0.00706508
328 -0.68 -0.575854 0.00705071
329 -0.52 -0.575684 0.00703129
330 -0.52 -0.575515 0.00701198
331 -0.68 -0.575831 0.00699789
332 -0.52 -0.575663 0.00697881
333 -0.68 -0.575976 0.00696487
334 -0.6 -0.576048 0.00694436
335 -0.76 -0.576597 0.00694534
336 -0.6 -0.576667 0.00692499
337 -0.68 -0.576973 0.00691121
338 -0.6 -0.577041 0.00689107
339 -0.6 -0.577109 0.00687105
340 -0.76 -0.577647 0.0068719
341 -0.68 -0.577947 0.00685829
342 -0.52 -0.577778 0.0068403
343 -0.68 -0.578076 0.00682684
344 -0.44 -0.577674 0.00681879
345 -0.6 -0.577739 0.0067993
346 -0.28 -0.576879 0.00683402
347 -0.52 -0.576715 0.00681626
348 -0.76 -0.577241 0.00681702
349 -0.76 -0.577765 0.0068176
350 -0.6 -0.577829 0.00679839
351 -0.52 -0.577664 0.006781
352 -0.76 -0.578182 0.00678152
353 -0.84 -0.578924 0.00680284
354 -0.68 -0.579209 0.0067896
355 -0.52 -0.579042 0.0067725
356 -0.76 -0.579551 0.00677255
357 -0.6 -0.579608 0.0067538
358 -0.52 -0.579441 0.00673696
359 -0.68 -0.579721 0.00672401
360 -0.6 -0.579778 0.00670554
361 -0.68 -0.580055 0.0066927
362 -0.44 -0.579669 0.00668539
363 -0.68 -0.579945 0.00667268
364 -0.68 -0.58022 0.00665999
365 -0.6 -0.580274 0.00664194
366 -0.36 -0.579672 0.00665106
367 -0.44 -0.579292 0.00664382
368 -0.28 -0.578478 0.00667547
369 -0.52 -0.57832 0.00665924
370 -0.52 -0.578162 0.00664309
371 -0.52 -0.578005 0.00662701
372 -0.52 -0.577849 0.00661101
373 -0.36 -0.577265 0.00661908
374 -0.36 -0.576684 0.00662687
375 -0.52 -0.576533 0.0066109
376 -0.52 -0.576383 0.00659501
377 -0.68 -0.576658 0.00658324
378 -0.6 -0.57672 0.00656609
379 -0.6 -0.576781 0.00654903
380 -0.76 -0.577263 0.00654954
381 -0.68 -0.577533 0.00653789
382 -0.76 -0.57801 0.00653823
383 -0.76 -0.578486 0.00653842
384 -0.6 -0.578542 0.00652161
385 -0.6 -0.578597 0.00650489
386 -0.6 -0.578653 0.00648825
387 -0.52 -0.578501 0.00647324
388 -0.52 -0.578351 0.0064583
389 -0.36 -0.577789 0.00646608
390 -0.76 -0.578256 0.00646638
391 -0.76 -0.578721 0.00646655
392 -0.68 -0.57898 0.0064552
393 -0.76 -0.57944 0.00645521
394 -0.76 -0.579898 0.0064551
395 -0.6 -0.579949 0.00643893
396 -0.76 -0.580404 0.00643873
397 -0.52 -0.580252 0.00642429
398 -0.52 -0.580101 0.00640992
399 -0.6 -0.58015 0.00639403
400 -0.76 -0.5806 0.00639385
401 -0.52 -0.580449 0.00637967
402 -0.6 -0.580498 0.00636397
403 -0.6 -0.580546 0.00634834
404 -0.76 -0.58099 0.00634817
405 -0.6 -0.581037 0.00633265
406 -0.52 -0.580887 0.00631882
407 -0.44 -0.580541 0.00631278
408 -0.52 -0.580392 0.00629903
409 -0.28 -0.579658 0.00632639
410 -0.44 -0.579317 0.00632013
411 -0.52 -0.579173 0.00630638
412 -0.6 -0.579223 0.00629126
413 -0.6 -0.579274 0.00627621
414 -0.44 -0.578937 0.00627006
415 -0.44 -0.578602 0.00626389
416 -0.6 -0.578654 0.00624903
417 -0.76 -0.579089 0.00624917
418 -0.6 -0.579139 0.0062344
419 -0.68 -0.579379 0.00622416
420 -0.6 -0.579429 0.00620952
421 -0.76 -0.579857 0.00620958
422 -0.6 -0.579905 0.00619504
423 -0.6 -0.579953 0.00618056
424 -0.52 -0.579811 0.00616758
425 -0.6 -0.579859 0.00615324
426 -0.6 -0.579906 0.00613896
427 -0.6 -0.579953 0.00612475
428 -0.68 -0.580187 0.00611489
429 -0.6 -0.580233 0.00610079
430 -0.6 -0.580279 0.00608676
431 -0.52 -0.580139 0.00607423
432 -0.28 -0.579444 0.00609985
433 -0.44 -0.579122 0.00609426
434 -0.44 -0.578802 0.00608865
435 -0.68 -0.579034 0.00607909
436 -0.68 -0.579266 0.00606955
437 -0.76 -0.57968 0.00606975
438 -0.76 -0.580091 0.00606985
439 -0.6 -0.580137 0.00605618
440 -0.52 -0.58 0.00604395
441 -0.44 -0.579683 0.00603858
442 -0.36 -0.579186 0.00604537
443 -0.52 -0.579052 0.00603318
444 -0.52 -0.578919 0.00602105
445 -0.6 -0.578966 0.00600769
446 -0.6 -0.579013 0.00599439
447 -0.6 -0.57906 0.00598115
448 -0.6 -0.579107 0.00596797
449 -0.6 -0.579154 0.00595484
450 -0.6 -0.5792 0.00594177
451 -0.44 -0.578891 0.00593661
452 -0.44 -0.578584 0.00593143
453 -0.36 -0.578102 0.00593796
454 -0.6 -0.57815 0.00592506
455 -0.52 -0.578022 0.00591341
456 -0.52 -0.577895 0.0059018
457 -0.6 -0.577943 0.00588907
458 -0.6 -0.577991 0.00587639
459 -0.6 -0.578039 0.00586377
460 -0.52 -0.577913 0.00585237
461 -0.68 -0.578134 0.00584386
462 -0.44 -0.577835 0.00583886
463 -0.52 -0.577711 0.00582757
464 -0.52 -0.577586 0.00581633
465 -0.68 -0.577806 0.00580798
466 -0.68 -0.578026 0.00579965
467 -0.52 -0.577901 0.00578856
468 -0.6 -0.577949 0.00577637
469 -0.68 -0.578166 0.00576814
470 -0.6 -0.578213 0.00575605
471 -0.76 -0.578599 0.00575676
472 -0.76 -0.578983 0.0057574
473 -0.68 -0.579197 0.00574918
474 -0.68 -0.579409 0.00574098
475 -0.68 -0.579621 0.00573279
476 -0.6 -0.579664 0.0057209
477 -0.52 -0.579539 0.00571026
478 -0.6 -0.579582 0.00569846
479 -0.6 -0.579624 0.00568671
480 -0.76 -0.58 0.00568728
481 -0.76 -0.580374 0.00568777
482 -0.68 -0.580581 0.00567972
483 -0.52 -0.580455 0.00566933
484 -0.44 -0.580165 0.00566505
485 -0.44 -0.579876 0.00566074
486 -0.6 -0.579918 0.00564923
487 -0.6 -0.579959 0.00563777
488 -0.6 -0.58 0.00562635
489 -0.68 -0.580204 0.00561856
490 -0.68 -0.580408 0.00561078
491 -0.6 -0.580448 0.00559948
492 -0.6 -0.580488 0.00558823
493 -0.68 -0.58069 0.00558053
494 -0.76 -0.581053 0.00558104
495 -0.76 -0.581414 0.00558148
496 -0.76 -0.581774 0.00558184
497 -0.76 -0.582133 0.00558212
498 -0.76 -0.58249 0.00558234
499 -0.68 -0.582685 0.00557457
500 -0.6 -0.58272 0.00556352
501 -0.6 -0.582754 0.00555251
502 -0.76 -0.583108 0.00555267
503 -0.68 -0.5833 0.00554497
504 -0.6 -0.583333 0.00553406
505 -0.76 -0.583683 0.00553415
506 -0.6 -0.583715 0.0055233
507 -0.52 -0.58359 0.00551383
508 -0.68 -0.58378 0.00550623
509 -0.6 -0.583811 0.0054955
510 -0.68 -0.584 0.00548795
511 -0.68 -0.584188 0.00548043
512 -0.68 -0.584375 0.00547291
513 -0.68 -0.584561 0.00546541
514 -0.52 -0.584436 0.00545621
515 -0.52 -0.584311 0.00544705
516 -0.68 -0.584496 0.00543964
517 -0.6 -0.584526 0.00542919
518 -0.68 -0.58471 0.00542184
519 -0.68 -0.584894 0.00541449
520 -0.6 -0.584923 0.00540415
521 -0.44 -0.584645 0.00540093
522 -0.6 -0.584674 0.00539066
523 -0.68 -0.584857 0.00538343
524 -0.44 -0.58458 0.00538025
525 -0.6 -0.58461 0.00537007
526 -0.6 -0.584639 0.00535993
527 -0.68 -0.58482 0.00535281
528 -0.68 -0.585 0.00534571
529 -0.6 -0.585028 0.00533567
530 -0.6 -0.585057 0.00532566
531 -0.52 -0.584934 0.00531704
532 -0.68 -0.585113 0.00531004
533 -0.44 -0.584841 0.00530706
534 -0.68 -0.585019 0.00530011
535 -0.6 -0.585047 0.00529026
536 -0.52 -0.584925 0.00528178
537 -0.68 -0.585102 0.00527491
538 -0.52 -0.584981 0.00526648
539 -0.6 -0.585009 0.00525678
540 -0.6 -0.585037 0.00524711
541 -0.44 -0.584769 0.00524426
542 -0.68 -0.584945 0.00523752
543 -0.6 -0.584972 0.00522794
544 -0.68 -0.585147 0.00522124
545 -0.6 -0.585174 0.00521172
546 -0.52 -0.585055 0.00520354
547 -0.6 -0.585082 0.00519409
548 -0.6 -0.585109 0.00518467
549 -0.6 -0.585137 0.00517529
550 -0.68 -0.585309 0.00516875
551 -0.68 -0.585481 0.00516222
552 -0.6 -0.585507 0.00515293
553 -0.6 -0.585533 0.00514367
554 -0.76 -0.585848 0.00514403
555 -0.68 -0.586018 0.00513755
556 -0.6 -0.586043 0.00512837
557 -0.44 -0.585781 0.00512586
558 -0.44 -0.58552 0.00512333
559 -0.6 -0.585546 0.00511422
560 -0.52 -0.585429 0.00510642
561 -0.44 -0.585169 0.0051039
562 -0.68 -0.585338 0.00509761
563 -0.44 -0.58508 0.00509509
564 -0.52 -0.584965 0.00508735
565 -0.68 -0.585133 0.00508113
566 -0.44 -0.584876 0.00507862
567 -0.44 -0.584621 0.00507609
568 -0.52 -0.584507 0.00506842
569 -0.44 -0.584253 0.00506588
570 -0.44 -0.584 0.00506331
571 -0.52 -0.583888 0.00505568
572 -0.52 -0.583776 0.00504807
573 -0.44 -0.583525 0.00504549
574 -0.44 -0.583275 0.0050429
575 -0.44 -0.583026 0.00504028
576 -0.6 -0.583056 0.00503161
577 -0.6 -0.583085 0.00502297
578 -0.44 -0.582837 0.00502038
579 -0.6 -0.582867 0.00501179
580 -0.52 -0.582759 0.00500431
581 -0.52 -0.582651 0.00499686
582 -0.76 -0.582955 0.00499756
583 -0.52 -0.582847 0.00499015
584 -0.6 -0.582877 0.00498169
585 -0.36 -0.582496 0.00498774
586 -0.52 -0.582389 0.00498036
587 -0.6 -0.582419 0.00497196
588 -0.6 -0.582449 0.00496359
589 -0.6 -0.582479 0.00495524
590 -0.6 -0.582508 0.00494692
591 -0.68 -0.582673 0.0049413
592 -0.6 -0.582703 0.00493303
593 -0.52 -0.582597 0.00492584
594 -0.52 -0.582492 0.00491867
595 -0.76 -0.58279 0.00491945
596 -0.76 -0.583087 0.00492019
597 -0.84 -0.583518 0.00493075
598 -0.76 -0.583813 0.00493134
599 -0.76 -0.584107 0.00493188
600 -0.68 -0.584267 0.00492624
601 -0.52 -0.58416 0.0049192
602 -0.52 -0.584053 0.00491218
603 -0.36 -0.583682 0.00491808
604 -0.52 -0.583576 0.00491107
605 -0.52 -0.583471 0.00490407
606 -0.6 -0.583498 0.00489605
607 -0.6 -0.583526 0.00488805
608 -0.44 -0.583289 0.00488571
609 -0.52 -0.583186 0.00487879
610 -0.68 -0.583344 0.00487337
611 -0.52 -0.583241 0.00486649
612 -0.44 -0.583007 0.00486416
613 -0.6 -0.583034 0.0048563
614 -0.36 -0.582671 0.00486198
615 -0.52 -0.582569 0.00485513
616 -0.68 -0.582727 0.00484982
617 -0.6 -0.582755 0.00484204
618 -0.6 -0.582783 0.00483428
619 -0.6 -0.582811 0.00482654
620 -0.6 -0.582839 0.00481883
621 -0.76 -0.583124 0.00481952
622 -0.68 -0.58328 0.00481428
623 -0.6 -0.583307 0.00480662
624 -0.44 -0.583077 0.0048044
625 -0.52 -0.582976 0.00479777
626 -0.36 -0.58262 0.00480333
627 -0.52 -0.58252 0.0047967
628 -0.52 -0.58242 0.00479009
629 -0.28 -0.58194 0.00480658
630 -0.68 -0.582095 0.00480146
631 -0.6 -0.582124 0.00479393
632 -0.68 -0.582278 0.00478885
633 -0.68 -0.582433 0.00478377
634 -0.44 -0.582208 0.0047815
635 -0.52 -0.58211 0.00477497
636 -0.68 -0.582264 0.00476994
637 -0.76 -0.582543 0.00477061
638 -0.52 -0.582445 0.00476413
639 -0.44 -0.582222 0.00476189
640 -0.68 -0.582375 0.0047569
641 -0.6 -0.582402 0.00474955
642 -0.68 -0.582555 0.00474459
643 -0.52 -0.582457 0.0047382
644 -0.68 -0.582609 0.00473326
645 -0.84 -0.583008 0.00474274
646 -0.76 -0.583282 0.00474331
647 -0.84 -0.583679 0.00475256
648 -0.52 -0.58358 0.00474624
649 -0.44 -0.583359 0.00474408
650 -0.52 -0.583262 0.00473778
651 -0.52 -0.583164 0.0047315
652 -0.52 -0.583067 0.00472523
653 -0.68 -0.583216 0.00472032
654 -0.76 -0.583486 0.00472084
655 -0.52 -0.583389 0.00471463
656 -0.52 -0.583293 0.00470842
657 -0.76 -0.583562 0.00470894
658 -0.44 -0.583343 0.00470684
659 -0.52 -0.583247 0.00470067
660 -0.6 -0.583273 0.00469361
661 -0.6 -0.583298 0.00468658
662 -0.6 -0.583323 0.00467956
663 -0.6 -0.583348 0.00467256
664 -0.52 -0.583253 0.0046665
665 -0.44 -0.583038 0.00466445
666 -0.68 -0.583183 0.00465972
667 -0.76 -0.583448 0.00466027
668 -0.76 -0.583713 0.00466079
669 -0.68 -0.583857 0.00465604
670 -0.68 -0.584 0.0046513
671 -0.52 -0.583905 0.00464534
672 -0.6 -0.583929 0.00463849
673 -0.6 -0.583952 0.00463165
674 -0.6 -0.583976 0.00462484
675 -0.36 -0.583644 0.00462989
676 -0.52 -0.58355 0.00462399
677 -0.44 -0.583338 0.00462202
678 -0.52 -0.583245 0.00461614
679 -0.44 -0.583034 0.00461417
680 -0.52 -0.582941 0.00460831
681 -0.68 -0.583084 0.00460374
682 -0.6 -0.583109 0.00459705
683 -0.6 -0.583133 0.00459039
684 -0.6 -0.583158 0.00458374
685 -0.52 -0.583066 0.00457797
686 -0.6 -0.58309 0.00457136
687 -0.44 -0.582882 0.00456945
688 -0.6 -0.582907 0.00456287
689 -0.44 -0.5827 0.00456096
690 -0.52 -0.582609 0.00455525
691 -0.6 -0.582634 0.00454872
692 -0.76 -0.58289 0.00454937
693 -0.76 -0.583146 0.00454998
694 -0.68 -0.583285 0.00454557
695 -0.52 -0.583194 0.00453994
696 -0.44 -0.582989 0.00453807
697 -0.28 -0.582554 0.00455236
698 -0.44 -0.58235 0.00455042
699 -0.44 -0.582146 0.00454847
700 -0.52 -0.582057 0.00454283
701 -0.52 -0.581969 0.00453721
702 -0.52 -0.58188 0.0045316
703 -0.36 -0.581565 0.00453614
704 -0.68 -0.581705 0.00453185
705 -0.44 -0.581504 0.00452988
706 -0.76 -0.581756 0.00453052
707 -0.68 -0.581895 0.00452624
708 -0.76 -0.582147 0.00452684
709 -0.84 -0.582511 0.00453506
710 -0.44 -0.58231 0.00453311
711 -0.68 -0.582447 0.00452882
712 -0.52 -0.58236 0.0045233
713 -0.52 -0.582272 0.0045178
714 -0.68 -0.582409 0.00451354
715 -0.52 -0.582322 0.00450807
716 -0.68 -0.582458 0.00450384
717 -0.76 -0.582706 0.00450436
718 -0.68 -0.582841 0.00450013
719 -0.6 -0.582865 0.00449393
720 -0.36 -0.582556 0.00449834
721 -0.52 -0.582469 0.00449294
722 -0.52 -0.582382 0.00448754
723 -0.52 -0.582296 0.00448216
724 -0.36 -0.581989 0.00448649
725 -0.36 -0.581683 0.00449074
726 -0.52 -0.581598 0.00448536
727 -0.44 -0.581403 0.00448342
728 -0.76 -0.581648 0.00448397
729 -0.76 -0.581893 0.0044845
730 -0.68 -0.582027 0.00448036
731 -0.68 -0.582161 0.00447624
732 -0.68 -0.582295 0.00447212
733 -0.76 -0.582538 0.00447259
734 -0.68 -0.58267 0.00446846
735 -0.52 -0.582585 0.00446319
736 -0.68 -0.582717 0.00445909
737 -0.6 -0.582741 0.0044531
738 -0.76 -0.582981 0.00445354
739 -0.6 -0.583004 0.00444757
740 -0.52 -0.582919 0.00444237
741 -0.6 -0.582942 0.00443643
742 -0.6 -0.582965 0.00443051
743 -0.68 -0.583096 0.00442647
744 -0.44 -0.582903 0.0044247
745 -0.52 -0.582819 0.00441956
746 -0.44 -0.582627 0.00441778
747 -0.36 -0.582329 0.00442192
748 -0.52 -0.582246 0.00441679
749 -0.68 -0.582377 0.00441282
750 -0.6 -0.5824 0.00440699
751 -0.76 -0.582636 0.00440747
752 -0.6 -0.58266 0.00440167
753 -0.68 -0.582789 0.00439772
754 -0.68 -0.582918 0.00439377
755 -0.68 -0.583046 0.00438983
756 -0.44 -0.582857 0.0043881
757 -0.6 -0.58288 0.00438236
758 -0.68 -0.583008 0.00437845
759 -0.68 -0.583136 0.00437455
760 -0.52 -0.583053 0.00436958
761 -0.52 -0.58297 0.00436462
762 -0.52 -0.582887 0.00435967
763 -0.6 -0.58291 0.00435401
764 -0.6 -0.582932 0.00434836
765 -0.6 -0.582954 0.00434273
766 -0.6 -0.582977 0.00433712
767 -0.36 -0.582686 0.0043412
768 -0.52 -0.582604 0.00433632
769 -0.44 -0.582419 0.00433464
770 -0.76 -0.582649 0.00433515
771 -0.6 -0.582672 0.00432958
772 -0.6 -0.582694 0.00432403
773 -0.52 -0.582613 0.00431919
774 -0.44 -0.582429 0.00431754
775 -0.44 -0.582245 0.00431588
776 -0.52 -0.582165 0.00431106
777 -0.44 -0.581982 0.00430939
778 -0.6 -0.582005 0.00430391
779 -0.36 -0.58172 0.00430782
780 -0.52 -0.581641 0.00430302
781 -0.6 -0.581665 0.00429757
782 -0.52 -0.581586 0.0042928
783 -0.52 -0.581507 0.00428804
784 -0.52 -0.581429 0.00428328
785 -0.36 -0.581146 0.00428711
786 -0.52 -0.581069 0.00428236
787 -0.6 -0.581093 0.00427698
788 -0.76 -0.58132 0.00427758
789 -0.68 -0.581445 0.00427399
790 -0.68 -0.58157 0.0042704
791 -0.52 -0.581492 0.0042657
792 -0.44 -0.581313 0.00426406
793 -0.6 -0.581337 0.00425874
794 -0.44 -0.581159 0.0042571
795 -0.6 -0.581182 0.00425181
796 -0.68 -0.581307 0.00424828
797 -0.68 -0.58143 0.00424475
798 -0.6 -0.581454 0.00423949
799 -0.68 -0.581577 0.00423598
800 -0.6 -0.5816 0.00423074
801 -0.52 -0.581523 0.00422616
802 -0.44 -0.581347 0.00422457
803 -0.84 -0.581669 0.00423158
804 -0.76 -0.581891 0.00423213
805 -0.84 -0.582211 0.00423902
806 -0.76 -0.582432 0.0042395
807 -0.6 -0.582454 0.0042343
808 -0.36 -0.582178 0.004238
809 -0.36 -0.581904 0.00424166
810 -0.52 -0.581827 0.00423711
811 -0.44 -0.581652 0.0042355
812 -0.44 -0.581478 0.00423387
813 -0.68 -0.581599 0.0042304
814 -0.52 -0.581523 0.00422587
815 -0.76 -0.581742 0.00422636
816 -0.68 -0.581863 0.0042229
817 -0.68 -0.581983 0.00421944
818 -0.6 -0.582005 0.00421433
819 -0.68 -0.582125 0.00421088
820 -0.6 -0.582146 0.0042058
821 -0.68 -0.582266 0.00420237
822 -0.68 -0.582384 0.00419893
823 -0.68 -0.582503 0.00419551
824 -0.68 -0.582621 0.00419208
825 -0.6 -0.582642 0.00418705
826 -0.84 -0.582954 0.00419357
827 -0.84 -0.583265 0.00420001
828 -0.76 -0.583478 0.00420036
829 -0.52 -0.583402 0.00419599
830 -0.6 -0.583422 0.00419098
831 -0.44 -0.583249 0.00418949
832 -0.36 -0.582981 0.00419305
833 -0.36 -0.582713 0.00419656
834 -0.52 -0.582638 0.0041922
835 -0.52 -0.582563 0.00418784
836 -0.76 -0.582775 0.00418821
837 -0.76 -0.582987 0.00418856
838 -0.68 -0.583103 0.00418516
839 -0.76 -0.583313 0.00418548
840 -0.68 -0.583429 0.00418208
841 -0.52 -0.583353 0.00417779
842 -0.68 -0.583468 0.0041744
843 -0.68 -0.583582 0.00417102
844 -0.76 -0.583791 0.00417131
845 -0.76 -0.584 0.00417159
846 -0.68 -0.584113 0.0041682
847 -0.68 -0.584227 0.00416482
848 -0.68 -0.58434 0.00416144
849 -0.6 -0.584358 0.00415657
850 -0.6 -0.584376 0.00415172
851 -0.6 -0.584395 0.00414688
852 -0.52 -0.584319 0.0041427
853 -0.6 -0.584338 0.00413788
854 -0.68 -0.58445 0.00413455
855 -0.76 -0.584655 0.00413481
856 -0.84 -0.584953 0.00414074
857 -0.6 -0.584971 0.00413594
858 -0.76 -0.585175 0.00413615
859 -0.84 -0.585471 0.00414197
860 -0.76 -0.585674 0.00414212
861 -0.44 -0.585505 0.00414077
862 -0.6 -0.585522 0.004136
863 -0.6 -0.585539 0.00413124
864 -0.52 -0.585463 0.00412715
865 -0.6 -0.58548 0.00412241
866 -0.44 -0.585312 0.00412107
867 -0.6 -0.585329 0.00411635
868 -0.44 -0.585161 0.00411501
869 -0.68 -0.58527 0.00411172
870 -0.6 -0.585287 0.00410703
871 -0.6 -0.585304 0.00410235
872 -0.52 -0.585229 0.00409832
873 -0.44 -0.585063 0.004097
874 -0.44 -0.584897 0.00409568
875 -0.52 -0.584823 0.00409167
876 -0.6 -0.58484 0.00408703
877 -0.6 -0.584857 0.0040824
878 -0.68 -0.584966 0.00407919
879 -0.6 -0.584983 0.00407458
880 -0.6 -0.585 0.00406999
881 -0.76 -0.585199 0.00407021
882 -0.6 -0.585215 0.00406563
883 -0.76 -0.585413 0.00406585
884 -0.68 -0.58552 0.00406265
885 -0.52 -0.585446 0.00405874
886 -0.6 -0.585463 0.00405419
887 -0.44 -0.585299 0.00405293
888 -0.44 -0.585135 0.00405167
889 -0.52 -0.585062 0.00404777
890 -0.68 -0.585169 0.00404463
891 -0.68 -0.585275 0.00404149
892 -0.76 -0.585471 0.00404171
893 -0.68 -0.585577 0.00403856
894 -0.6 -0.585593 0.00403408
895 -0.44 -0.58543 0.00403285
896 -0.52 -0.585357 0.00402901
897 -0.6 -0.585373 0.00402455
898 -0.52 -0.585301 0.00402072
899 -0.68 -0.585406 0.00401763
900 -0.68 -0.585511 0.00401454
901 -0.52 -0.585438 0.00401074
902 -0.68 -0.585543 0.00400766
903 -0.68 -0.585648 0.00400459
904 -0.68 -0.585752 0.00400152
905 -0.6 -0.585768 0.00399712
906 -0.6 -0.585784 0.00399274
907 -0.68 -0.585888 0.00398969
908 -0.68 -0.585991 0.00398664
909 -0.6 -0.586007 0.00398228
910 -0.68 -0.58611 0.00397924
911 -0.68 -0.586213 0.00397621
912 -0.68 -0.586316 0.00397318
913 -0.76 -0.586506 0.00397338
914 -0.68 -0.586608 0.00397035
915 -0.68 -0.58671 0.00396732
916 -0.6 -0.586725 0.00396301
917 -0.44 -0.586565 0.00396192
918 -0.44 -0.586405 0.00396082
919 -0.36 -0.586159 0.00396417
920 -0.52 -0.586087 0.00396051
921 -0.44 -0.585928 0.00395939
922 -0.76 -0.586117 0.0039596
923 -0.76 -0.586306 0.00395979
924 -0.6 -0.58632 0.00395553
925 -0.52 -0.586249 0.0039519
926 -0.52 -0.586177 0.00394828
927 -0.76 -0.586365 0.00394847
928 -0.76 -0.586552 0.00394865
929 -0.6 -0.586566 0.00394442
930 -0.6 -0.586581 0.00394021
931 -0.6 -0.586595 0.003936
932 -0.76 -0.586781 0.00393617
933 -0.68 -0.586881 0.00393322
934 -0.84 -0.587152 0.00393834
935 -0.6 -0.587166 0.00393415
936 -0.52 -0.587094 0.0039306
937 -0.68 -0.587193 0.00392766
938 -0.76 -0.587377 0.00392779
939 -0.68 -0.587476 0.00392484
940 -0.68 -0.587574 0.0039219
941 -0.68 -0.587673 0.00391896
942 -0.52 -0.587601 0.00391546
943 -0.6 -0.587614 0.00391133
944 -0.68 -0.587712 0.00390841
945 -0.68 -0.58781 0.00390549
946 -0.68 -0.587907 0.00390258
947 -0.68 -0.588004 0.00389967
948 -0.68 -0.588101 0.00389676
949 -0.52 -0.58803 0.00389331
950 -0.6 -0.588042 0.00388923
951 -0.52 -0.587971 0.0038858
952 -0.36 -0.587731 0.00388909
953 -0.36 -0.587492 0.00389235
954 -0.52 -0.587421 0.00388891
955 -0.44 -0.587267 0.00388791
956 -0.44 -0.587113 0.00388689
957 -0.44 -0.586959 0.00388587
958 -0.36 -0.586722 0.00388903
959 -0.6 -0.586736 0.003885
960 -0.52 -0.586667 0.00388157
961 -0.68 -0.586764 0.00387875
962 -0.6 -0.586778 0.00387474
963 -0.6 -0.586791 0.00387074
964 -0.6 -0.586805 0.00386675
965 -0.6 -0.586819 0.00386276
966 -0.6 -0.586832 0.00385878
967 -0.6 -0.586846 0.00385482
968 -0.6 -0.58686 0.00385085
969 -0.52 -0.586791 0.0038475
970 -0.36 -0.586557 0.00385063
971 -0.44 -0.586406 0.00384963
972 -0.36 -0.586173 0.00385271
973 -0.6 -0.586187 0.00384878
974 -0.36 -0.585955 0.00385183
975 -0.44 -0.585805 0.00385079
976 -0.36 -0.585574 0.00385379
977 -0.36 -0.585343 0.00385676
978 -0.52 -0.585276 0.00385339
979 -0.6 -0.585291 0.00384949
980 -0.52 -0.585224 0.00384613
981 -0.6 -0.58524 0.00384224
982 -0.68 -0.585336 0.00383954
983 -0.76 -0.585514 0.00383974
984 -0.28 -0.585203 0.00384838
985 -0.52 -0.585137 0.00384505
986 -0.36 -0.584909 0.00384792
987 -0.28 -0.5846 0.00385642
988 -0.6 -0.584615 0.00385254
989 -0.6 -0.584631 0.00384868
990 -0.76 -0.584808 0.00384887
991 -0.6 -0.584823 0.00384501
992 -0.68 -0.584919 0.00384233
993 -0.6 -0.584935 0.00383849
994 -0.68 -0.58503 0.00383582
995 -0.76 -0.585206 0.00383599
996 -0.68 -0.585301 0.00383332
997 -0.6 -0.585316 0.0038295
998 -0.68 -0.585411 0.00382684
999 -0.68 -0.585506 0.00382418
1000 -0.68 -0.5856 0.00382152
