1 -0.2 -0.2 0
2 -0.6 -0.4 0.2
3 -0.76 -0.52 0.166533
4 -0.84 -0.6 0.142361
5 -0.84 -0.648 0.120266
6 -0.84 -0.68 0.10328
7 -0.76 -0.691429 0.0880322
8 -0.84 -0.71 0.0784675
9 -0.84 -0.724444 0.0706932
10 -0.84 -0.736 0.0642772
11 -0.84 -0.745455 0.0589046
12 -0.84 -0.753333 0.0543464
13 -0.84 -0.76 0.050434
14 -0.84 -0.765714 0.0470412
15 -0.84 -0.770667 0.0440721
16 -0.84 -0.775 0.0414528
17 -0.84 -0.778824 0.0391254
18 -0.84 -0.782222 0.037044
19 -0.84 -0.785263 0.0351718
20 -0.84 -0.788 0.033479
21 -0.84 -0.790476 0.031941
22 -0.84 -0.792727 0.0305376
23 -0.84 -0.794783 0.029252
24 -0.84 -0.796667 0.02807
25 -0.84 -0.7984 0.0269795
26 -0.84 -0.8 0.0259704
27 -0.92 -0.804444 0.0253822
28 -0.92 -0.808571 0.0248046
29 -0.92 -0.812414 0.0242405
30 -0.92 -0.816 0.0236915
31 -0.92 -0.819355 0.0231588
32 -0.92 -0.8225 0.0226429
33 -0.92 -0.825455 0.022144
34 -0.92 -0.828235 0.0216621
35 -0.92 -0.830857 0.0211968
36 -0.92 -0.833333 0.0207479
37 -0.92 -0.835676 0.0203149
38 -0.92 -0.837895 0.0198972
39 -0.92 -0.84 0.0194943
40 -0.92 -0.842 0.0191056
41 -0.92 -0.843902 0.0187307
42 -0.92 -0.845714 0.0183689
43 -0.92 -0.847442 0.0180196
44 -0.92 -0.849091 0.0176824
45 -0.92 -0.850667 0.0173566
46 -0.92 -0.852174 0.0170419
47 -0.92 -0.853617 0.0167377
48 -0.92 -0.855 0.0164435
49 -0.92 -0.856327 0.016159
50 -0.92 -0.8576 0.0158837
51 -0.92 -0.858824 0.0156171
52 -0.92 -0.86 0.015359
53 -0.92 -0.861132 0.0151088
54 -0.92 -0.862222 0.0148664
55 -0.92 -0.863273 0.0146314
56 -0.92 -0.864286 0.0144034
57 -0.92 -0.865263 0.0141822
58 -0.92 -0.866207 0.0139674
59 -0.92 -0.867119 0.0137589
60 -0.92 -0.868 0.0135563
61 -0.92 -0.868852 0.0133595
62 -0.84 -0.868387 0.0131505
63 -0.92 -0.869206 0.0129659
64 -0.92 -0.87 0.0127864
65 -0.92 -0.870769 0.0126116
66 -0.84 -0.870303 0.0124278
67 -0.92 -0.871045 0.0122634
68 -0.92 -0.871765 0.0121031
69 -0.92 -0.872464 0.0119469
70 -0.92 -0.873143 0.0117946
71 -0.92 -0.873803 0.011646
72 -0.92 -0.874444 0.011501
73 -0.92 -0.875068 0.0113595
74 -0.92 -0.875676 0.0112214
75 -0.92 -0.876267 0.0110865
76 -0.92 -0.876842 0.0109548
77 -0.92 -0.877403 0.0108261
78 -0.92 -0.877949 0.0107003
79 -0.92 -0.878481 0.0105774
80 -0.92 -0.879 0.0104573
81 -0.92 -0.879506 0.0103398
82 -0.92 -0.88 0.0102248
83 -0.92 -0.880482 0.0101124
84 -0.92 -0.880952 0.0100023
85 -0.92 -0.881412 0.00989462
86 -0.92 -0.88186 0.00978918
87 -0.92 -0.882299 0.00968593
88 -0.92 -0.882727 0.00958481
89 -0.92 -0.883146 0.00948575
90 -0.92 -0.883556 0.00938869
91 -0.92 -0.883956 0.00929358
92 -0.92 -0.884348 0.00920036
93 -0.92 -0.884731 0.00910896
94 -0.92 -0.885106 0.00901934
95 -0.92 -0.885474 0.00893145
96 -0.92 -0.885833 0.00884524
97 -0.92 -0.886186 0.00876066
98 -0.92 -0.886531 0.00867767
99 -0.92 -0.886869 0.00859622
100 -0.92 -0.8872 0.00851627
101 -0.92 -0.887525 0.00843778
102 -0.92 -0.887843 0.00836071
103 -0.92 -0.888155 0.00828503
104 -0.92 -0.888462 0.00821069
105 -0.92 -0.888762 0.00813766
106 -0.92 -0.889057 0.00806591
107 -0.92 -0.889346 0.0079954
108 -0.92 -0.88963 0.00792611
109 -0.92 -0.889908 0.007858
110 -0.92 -0.890182 0.00779104
111 -0.92 -0.89045 0.0077252
112 -0.92 -0.890714 0.00766046
113 -0.92 -0.890973 0.00759679
114 -0.92 -0.891228 0.00753416
115 -0.92 -0.891478 0.00747255
116 -0.92 -0.891724 0.00741193
117 -0.92 -0.891966 0.00735228
118 -0.92 -0.892203 0.00729357
119 -0.92 -0.892437 0.0072358
120 -0.92 -0.892667 0.00717892
121 -0.92 -0.892893 0.00712293
122 -0.92 -0.893115 0.00706779
123 -0.92 -0.893333 0.0070135
124 -0.92 -0.893548 0.00696003
125 -0.92 -0.89376 0.00690737
126 -0.92 -0.893968 0.0068555
127 -0.92 -0.894173 0.00680439
128 -0.92 -0.894375 0.00675404
129 -0.92 -0.894574 0.00670442
130 -0.92 -0.894769 0.00665552
131 -0.92 -0.894962 0.00660733
132 -0.92 -0.895152 0.00655982
133 -0.92 -0.895338 0.00651299
134 -0.92 -0.895522 0.00646683
135 -0.92 -0.895704 0.00642131
136 -0.92 -0.895882 0.00637642
137 -0.92 -0.896058 0.00633215
138 -0.92 -0.896232 0.00628849
139 -0.92 -0.896403 0.00624543
140 -0.92 -0.896571 0.00620295
141 -0.92 -0.896738 0.00616104
142 -0.92 -0.896901 0.00611969
143 -0.92 -0.897063 0.00607889
144 -0.92 -0.897222 0.00603863
145 -0.92 -0.897379 0.0059989
146 -0.92 -0.897534 0.00595968
147 -0.92 -0.897687 0.00592097
148 -0.92 -0.897838 0.00588276
149 -0.92 -0.897987 0.00584504
150 -0.92 -0.898133 0.0058078
151 -0.92 -0.898278 0.00577103
152 -0.92 -0.898421 0.00573471
153 -0.92 -0.898562 0.00569885
154 -0.92 -0.898701 0.00566344
155 -0.92 -0.898839 0.00562846
156 -0.92 -0.898974 0.00559391
157 -0.92 -0.899108 0.00555978
158 -0.92 -0.899241 0.00552606
159 -0.92 -0.899371 0.00549275
160 -0.92 -0.8995 0.00545983
161 -0.92 -0.899627 0.00542731
162 -0.92 -0.899753 0.00539517
163 -0.92 -0.899877 0.0053634
164 -0.92 -0.9 0.00533201
165 -0.92 -0.900121 0.00530098
166 -0.92 -0.900241 0.00527031
167 -0.92 -0.900359 0.00524
168 -0.92 -0.900476 0.00521002
169 -0.92 -0.900592 0.00518039
170 -0.92 -0.900706 0.00515109
171 -0.92 -0.900819 0.00512213
172 -0.92 -0.90093 0.00509348
173 -0.92 -0.90104 0.00506515
174 -0.92 -0.901149 0.00503714
175 -0.92 -0.901257 0.00500943
176 -0.92 -0.901364 0.00498202
177 -0.92 -0.901469 0.00495491
178 -0.92 -0.901573 0.0049281
179 -0.92 -0.901676 0.00490157
180 -0.92 -0.901778 0.00487533
181 -0.92 -0.901878 0.00484936
182 -0.92 -0.901978 0.00482367
183 -0.92 -0.902077 0.00479825
184 -0.92 -0.902174 0.0047731
185 -0.92 -0.90227 0.0047482
186 -0.92 -0.902366 0.00472357
187 -0.92 -0.90246 0.00469919
188 -0.92 -0.902553 0.00467506
189 -0.92 -0.902646 0.00465117
190 -0.92 -0.902737 0.00462753
191 -0.92 -0.902827 0.00460412
192 -0.92 -0.902917 0.00458095
193 -0.92 -0.903005 0.00455802
194 -0.92 -0.903093 0.00453531
195 -0.92 -0.903179 0.00451282
196 -0.92 -0.903265 0.00449056
197 -1 -0.903756 0.00449461
198 -1 -0.904242 0.00449819
199 -1 -0.904724 0.00450132
200 -1 -0.9052 0.00450402
201 -1 -0.905672 0.00450631
202 -1 -0.906139 0.0045082
203 -1 -0.906601 0.0045097
204 -1 -0.907059 0.00451083
205 -1 -0.907512 0.00451161
206 -1 -0.907961 0.00451205
207 -1 -0.908406 0.00451216
208 -1 -0.908846 0.00451196
209 -1 -0.909282 0.00451145
210 -1 -0.909714 0.00451065
211 -1 -0.910142 0.00450956
212 -1 -0.910566 0.00450821
213 -1 -0.910986 0.0045066
214 -1 -0.911402 0.00450474
215 -1 -0.911814 0.00450263
216 -1 -0.912222 0.0045003
217 -1 -0.912627 0.00449774
218 -1 -0.913028 0.00449496
219 -1 -0.913425 0.00449198
220 -1 -0.913818 0.0044888
221 -1 -0.914208 0.00448542
222 -1 -0.914595 0.00448186
223 -1 -0.914978 0.00447813
224 -1 -0.915357 0.00447422
225 -1 -0.915733 0.00447015
226 -1 -0.916106 0.00446592
227 -1 -0.916476 0.00446153
228 -1 -0.916842 0.004457
229 -1 -0.917205 0.00445233
230 -1 -0.917565 0.00444752
231 -1 -0.917922 0.00444258
232 -1 -0.918276 0.00443752
233 -1 -0.918627 0.00443233
234 -1 -0.918974 0.00442703
235 -1 -0.919319 0.00442161
236 -1 -0.919661 0.00441609
237 -1 -0.92 0.00441046
238 -1 -0.920336 0.00440474
239 -1 -0.920669 0.00439892
240 -1 -0.921 0.004393
241 -1 -0.921328 0.004387
242 -1 -0.921653 0.00438091
243 -1 -0.921975 0.00437474
244 -1 -0.922295 0.0043685
245 -1 -0.922612 0.00436218
246 -1 -0.922927 0.00435578
247 -1 -0.923239 0.00434932
248 -1 -0.923548 0.00434279
249 -1 -0.923855 0.0043362
250 -1 -0.92416 0.00432954
251 -1 -0.924462 0.00432283
252 -1 -0.924762 0.00431607
253 -1 -0.925059 0.00430925
254 -1 -0.925354 0.00430238
255 -1 -0.925647 0.00429546
256 -1 -0.925937 0.00428849
257 -1 -0.926226 0.00428148
258 -1 -0.926512 0.00427443
259 -1 -0.926795 0.00426734
260 -1 -0.927077 0.00426021
261 -1 -0.927356 0.00425304
262 -1 -0.927634 0.00424584
263 -1 -0.927909 0.00423861
264 -1 -0.928182 0.00423134
265 -1 -0.928453 0.00422405
266 -1 -0.928722 0.00421672
267 -1 -0.928989 0.00420937
268 -1 -0.929254 0.004202
269 -1 -0.929517 0.0041946
270 -1 -0.929778 0.00418718
271 -1 -0.930037 0.00417975
272 -1 -0.930294 0.00417229
273 -1 -0.930549 0.00416481
274 -1 -0.930803 0.00415732
275 -1 -0.931055 0.00414981
276 -1 -0.931304 0.00414228
277 -1 -0.931552 0.00413475
278 -1 -0.931799 0.0041272
279 -1 -0.932043 0.00411964
280 -1 -0.932286 0.00411206
281 -1 -0.932527 0.00410449
282 -1 -0.932766 0.0040969
283 -1 -0.933004 0.0040893
284 -1 -0.933239 0.0040817
285 -1 -0.933474 0.00407409
286 -1 -0.933706 0.00406648
287 -1 -0.933937 0.00405887
288 -1 -0.934167 0.00405125
289 -1 -0.934394 0.00404363
290 -1 -0.934621 0.004036
291 -1 -0.934845 0.00402838
292 -1 -0.935068 0.00402076
293 -1 -0.93529 0.00401313
294 -1 -0.93551 0.00400551
295 -1 -0.935729 0.00399789
296 -1 -0.935946 0.00399028
297 -1 -0.936162 0.00398266
298 -1 -0.936376 0.00397505
299 -1 -0.936589 0.00396744
300 -1 -0.9368 0.00395984
301 -1 -0.93701 0.00395225
302 -1 -0.937219 0.00394466
303 -1 -0.937426 0.00393707
304 -1 -0.937632 0.00392949
305 -1 -0.937836 0.00392192
306 -1 -0.938039 0.00391436
307 -1 -0.938241 0.00390681
308 -1 -0.938442 0.00389926
309 -1 -0.938641 0.00389172
310 -1 -0.938839 0.0038842
311 -1 -0.939035 0.00387668
312 -1 -0.939231 0.00386917
313 -1 -0.939425 0.00386167
314 -1 -0.939618 0.00385419
315 -1 -0.93981 0.00384671
316 -1 -0.94 0.00383925
317 -1 -0.940189 0.00383179
318 -1 -0.940377 0.00382435
319 -1 -0.940564 0.00381692
320 -1 -0.94075 0.00380951
321 -1 -0.940935 0.0038021
322 -1 -0.941118 0.00379471
323 -1 -0.9413 0.00378734
324 -1 -0.941481 0.00377997
325 -1 -0.941662 0.00377262
326 -1 -0.94184 0.00376529
327 -1 -0.942018 0.00375797
328 -1 -0.942195 0.00375066
329 -1 -0.942371 0.00374337
330 -1 -0.942545 0.00373609
331 -1 -0.942719 0.00372883
332 -1 -0.942892 0.00372158
333 -1 -0.943063 0.00371435
334 -1 -0.943234 0.00370714
335 -1 -0.943403 0.00369994
336 -1 -0.943571 0.00369275
337 -1 -0.943739 0.00368558
338 -1 -0.943905 0.00367843
339 -1 -0.944071 0.00367129
340 -1 -0.944235 0.00366417
341 -1 -0.944399 0.00365707
342 -1 -0.944561 0.00364999
343 -1 -0.944723 0.00364292
344 -0.92 -0.944651 0.00363302
345 -0.92 -0.94458 0.00362318
346 -0.92 -0.944509 0.00361339
347 -0.92 -0.944438 0.00360366
348 -0.92 -0.944368 0.00359397
349 -0.92 -0.944298 0.00358434
350 -0.92 -0.944229 0.00357476
351 -1 -0.944387 0.0035681
352 -1 -0.944545 0.00356145
353 -1 -0.944703 0.00355482
354 -1 -0.944859 0.00354821
355 -1 -0.945014 0.00354161
356 -1 -0.945169 0.00353502
357 -1 -0.945322 0.00352845
358 -0.92 -0.945251 0.00351929
359 -1 -0.945404 0.00351278
360 -1 -0.945556 0.00350629
361 -1 -0.945706 0.00349982
362 -1 -0.945856 0.00349336
363 -1 -0.946006 0.00348691
364 -1 -0.946154 0.00348048
365 -1 -0.946301 0.00347407
366 -1 -0.946448 0.00346767
367 -1 -0.946594 0.00346128
368 -1 -0.946739 0.00345491
369 -1 -0.946883 0.00344856
370 -1 -0.947027 0.00344222
371 -1 -0.94717 0.0034359
372 -1 -0.947312 0.00342959
373 -1 -0.947453 0.0034233
374 -1 -0.947594 0.00341703
375 -1 -0.947733 0.00341077
376 -1 -0.947872 0.00340452
377 -1 -0.948011 0.00339829
378 -1 -0.948148 0.00339208
379 -1 -0.948285 0.00338588
380 -1 -0.948421 0.0033797
381 -1 -0.948556 0.00337354
382 -1 -0.948691 0.00336739
383 -1 -0.948825 0.00336126
384 -1 -0.948958 0.00335514
385 -1 -0.949091 0.00334904
386 -1 -0.949223 0.00334295
387 -1 -0.949354 0.00333688
388 -1 -0.949485 0.00333083
389 -1 -0.949614 0.0033248
390 -1 -0.949744 0.00331877
391 -1 -0.949872 0.00331277
392 -1 -0.95 0.00330678
393 -1 -0.950127 0.00330081
394 -1 -0.950254 0.00329485
395 -1 -0.95038 0.00328891
396 -1 -0.950505 0.00328299
397 -1 -0.95063 0.00327708
398 -1 -0.950754 0.00327119
399 -1 -0.950877 0.00326532
400 -1 -0.951 0.00325946
401 -1 -0.951122 0.00325361
402 -1 -0.951244 0.00324779
403 -1 -0.951365 0.00324198
404 -1 -0.951485 0.00323618
405 -1 -0.951605 0.0032304
406 -1 -0.951724 0.00322464
407 -1 -0.951843 0.00321889
408 -1 -0.951961 0.00321316
409 -1 -0.952078 0.00320745
410 -1 -0.952195 0.00320175
411 -1 -0.952311 0.00319607
412 -1 -0.952427 0.0031904
413 -1 -0.952542 0.00318475
414 -1 -0.952657 0.00317912
415 -1 -0.952771 0.0031735
416 -1 -0.952885 0.00316789
417 -1 -0.952998 0.00316231
418 -1 -0.95311 0.00315674
419 -1 -0.953222 0.00315118
420 -1 -0.953333 0.00314564
421 -1 -0.953444 0.00314012
422 -1 -0.953555 0.00313461
423 -1 -0.953664 0.00312912
424 -0.92 -0.953585 0.00312274
425 -1 -0.953694 0.0031173
426 -0.92 -0.953615 0.00311098
427 -1 -0.953724 0.00310558
428 -1 -0.953832 0.0031002
429 -1 -0.953939 0.00309484
430 -1 -0.954047 0.00308949
431 -1 -0.954153 0.00308416
432 -1 -0.954259 0.00307884
433 -1 -0.954365 0.00307354
434 -1 -0.95447 0.00306825
435 -1 -0.954575 0.00306298
436 -1 -0.954679 0.00305772
437 -1 -0.954783 0.00305248
438 -1 -0.954886 0.00304725
439 -1 -0.954989 0.00304204
440 -1 -0.955091 0.00303684
441 -1 -0.955193 0.00303166
442 -1 -0.955294 0.00302649
443 -1 -0.955395 0.00302133
444 -1 -0.955495 0.00301619
445 -1 -0.955596 0.00301107
446 -1 -0.955695 0.00300596
447 -1 -0.955794 0.00300087
448 -1 -0.955893 0.00299578
449 -1 -0.955991 0.00299072
450 -1 -0.956089 0.00298567
451 -1 -0.956186 0.00298063
452 -1 -0.956283 0.00297561
453 -1 -0.95638 0.0029706
454 -1 -0.956476 0.00296561
455 -1 -0.956571 0.00296063
456 -1 -0.956667 0.00295566
457 -1 -0.956761 0.00295071
458 -1 -0.956856 0.00294578
459 -1 -0.95695 0.00294085
460 -1 -0.957043 0.00293595
461 -1 -0.957137 0.00293105
462 -1 -0.957229 0.00292617
463 -1 -0.957322 0.00292131
464 -1 -0.957414 0.00291645
465 -1 -0.957505 0.00291162
466 -1 -0.957597 0.00290679
467 -1 -0.957687 0.00290198
468 -1 -0.957778 0.00289718
469 -1 -0.957868 0.0028924
470 -1 -0.957957 0.00288763
471 -1 -0.958047 0.00288288
472 -1 -0.958136 0.00287814
473 -1 -0.958224 0.00287341
474 -1 -0.958312 0.00286869
475 -1 -0.9584 0.00286399
476 -1 -0.958487 0.00285931
477 -1 -0.958574 0.00285463
478 -1 -0.958661 0.00284997
479 -1 -0.958747 0.00284533
480 -1 -0.958833 0.00284069
481 -1 -0.958919 0.00283607
482 -1 -0.959004 0.00283146
483 -1 -0.959089 0.00282687
484 -1 -0.959174 0.00282229
485 -1 -0.959258 0.00281772
486 -1 -0.959342 0.00281317
487 -1 -0.959425 0.00280863
488 -1 -0.959508 0.0028041
489 -1 -0.959591 0.00279958
490 -1 -0.959673 0.00279508
491 -1 -0.959756 0.00279059
492 -1 -0.959837 0.00278611
493 -1 -0.959919 0.00278165
494 -1 -0.96 0.0027772
495 -1 -0.960081 0.00277276
496 -1 -0.960161 0.00276834
497 -1 -0.960241 0.00276392
498 -1 -0.960321 0.00275952
499 -1 -0.960401 0.00275513
500 -1 -0.96048 0.00275076
501 -1 -0.960559 0.0027464
502 -1 -0.960637 0.00274205
503 -0.92 -0.960557 0.00273778
504 -1 -0.960635 0.00273346
505 -1 -0.960713 0.00272916
506 -1 -0.960791 0.00272487
507 -1 -0.960868 0.00272059
508 -1 -0.960945 0.00271632
509 -1 -0.961022 0.00271206
510 -1 -0.961098 0.00270782
511 -1 -0.961174 0.00270359
512 -1 -0.96125 0.00269936
513 -1 -0.961326 0.00269516
514 -1 -0.961401 0.00269096
515 -1 -0.961476 0.00268678
516 -1 -0.96155 0.0026826
517 -1 -0.961625 0.00267844
518 -1 -0.961699 0.00267429
519 -0.92 -0.961618 0.00267034
520 -1 -0.961692 0.00266622
521 -1 -0.961766 0.00266212
522 -1 -0.961839 0.00265802
523 -1 -0.961912 0.00265394
524 -1 -0.961985 0.00264987
525 -1 -0.962057 0.00264581
526 -1 -0.962129 0.00264176
527 -1 -0.962201 0.00263772
528 -1 -0.962273 0.00263369
529 -1 -0.962344 0.00262967
530 -1 -0.962415 0.00262567
531 -1 -0.962486 0.00262167
532 -1 -0.962556 0.00261769
533 -1 -0.962627 0.00261372
534 -1 -0.962697 0.00260976
535 -1 -0.962766 0.00260581
536 -1 -0.962836 0.00260187
537 -1 -0.962905 0.00259794
538 -1 -0.962974 0.00259403
539 -1 -0.963043 0.00259012
540 -1 -0.963111 0.00258623
541 -1 -0.963179 0.00258234
542 -1 -0.963247 0.00257847
543 -1 -0.963315 0.0025746
544 -1 -0.963382 0.00257075
545 -1 -0.96345 0.00256691
546 -1 -0.963516 0.00256308
547 -1 -0.963583 0.00255926
548 -1 -0.96365 0.00255545
549 -1 -0.963716 0.00255165
550 -1 -0.963782 0.00254786
551 -1 -0.963848 0.00254408
552 -1 -0.963913 0.00254031
553 -1 -0.963978 0.00253655
554 -1 -0.964043 0.0025328
555 -1 -0.964108 0.00252907
556 -1 -0.964173 0.00252534
557 -0.92 -0.964093 0.00252205
558 -0.92 -0.964014 0.00251876
559 -1 -0.964079 0.00251508
560 -1 -0.964143 0.0025114
561 -1 -0.964207 0.00250774
562 -1 -0.96427 0.00250408
563 -1 -0.964334 0.00250043
564 -1 -0.964397 0.0024968
565 -1 -0.96446 0.00249317
566 -1 -0.964523 0.00248955
567 -1 -0.964586 0.00248595
568 -1 -0.964648 0.00248235
569 -1 -0.96471 0.00247876
570 -1 -0.964772 0.00247518
571 -1 -0.964834 0.00247162
572 -1 -0.964895 0.00246806
573 -1 -0.964956 0.00246451
574 -1 -0.965017 0.00246097
575 -1 -0.965078 0.00245744
576 -1 -0.965139 0.00245392
577 -1 -0.965199 0.0024504
578 -1 -0.96526 0.0024469
579 -1 -0.96532 0.00244341
580 -1 -0.965379 0.00243993
581 -1 -0.965439 0.00243645
582 -1 -0.965498 0.00243299
583 -1 -0.965557 0.00242953
584 -1 -0.965616 0.00242608
585 -1 -0.965675 0.00242265
586 -1 -0.965734 0.00241922
587 -1 -0.965792 0.0024158
588 -1 -0.96585 0.00241239
589 -1 -0.965908 0.00240899
590 -1 -0.965966 0.00240559
591 -1 -0.966024 0.00240221
592 -1 -0.966081 0.00239884
593 -1 -0.966138 0.00239547
594 -1 -0.966195 0.00239211
595 -1 -0.966252 0.00238877
596 -1 -0.966309 0.00238543
597 -1 -0.966365 0.0023821
598 -1 -0.966421 0.00237877
599 -1 -0.966477 0.00237546
600 -0.92 -0.9664 0.00237276
601 -0.92 -0.966323 0.00237007
602 -0.92 -0.966246 0.00236738
603 -0.92 -0.966169 0.0023647
604 -0.92 -0.966093 0.00236201
605 -0.92 -0.966017 0.00235934
606 -0.92 -0.965941 0.00235666
607 -0.92 -0.965865 0.002354
608 -0.92 -0.965789 0.00235133
609 -0.92 -0.965714 0.00234867
610 -0.92 -0.965639 0.00234601
611 -0.92 -0.965565 0.00234336
612 -0.92 -0.96549 0.00234071
613 -0.92 -0.965416 0.00233807
614 -0.84 -0.965212 0.00234318
615 -0.84 -0.965008 0.00234821
616 -0.84 -0.964805 0.00235316
617 -0.84 -0.964603 0.00235804
618 -0.84 -0.964401 0.00236284
619 -0.84 -0.9642 0.00236756
620 -0.84 -0.964 0.00237221
621 -0.84 -0.9638 0.00237679
622 -0.84 -0.963601 0.0023813
623 -0.84 -0.963403 0.00238574
624 -0.84 -0.963205 0.00239011
625 -0.84 -0.963008 0.00239441
626 -0.84 -0.962812 0.00239864
627 -0.84 -0.962616 0.00240281
628 -0.84 -0.96242 0.00240691
629 -0.84 -0.962226 0.00241095
630 -0.84 -0.962032 0.00241493
631 -0.84 -0.961838 0.00241884
632 -0.84 -0.961646 0.00242269
633 -0.84 -0.961453 0.00242649
634 -0.84 -0.961262 0.00243022
635 -0.84 -0.961071 0.00243389
636 -0.84 -0.960881 0.00243751
637 -0.84 -0.960691 0.00244106
638 -0.84 -0.960502 0.00244456
639 -0.84 -0.960313 0.00244801
640 -0.84 -0.960125 0.0024514
641 -0.84 -0.959938 0.00245474
642 -0.92 -0.959875 0.0024517
643 -0.92 -0.959813 0.00244867
644 -0.92 -0.959752 0.00244565
645 -0.92 -0.95969 0.00244263
646 -0.92 -0.959628 0.00243962
647 -0.92 -0.959567 0.00243661
648 -0.92 -0.959506 0.00243362
649 -0.92 -0.959445 0.00243063
650 -0.92 -0.959385 0.00242764
651 -0.92 -0.959324 0.00242467
652 -0.92 -0.959264 0.0024217
653 -0.92 -0.959204 0.00241873
654 -0.92 -0.959144 0.00241577
655 -0.92 -0.959084 0.00241282
656 -0.92 -0.959024 0.00240988
657 -0.92 -0.958965 0.00240694
658 -0.92 -0.958906 0.00240401
659 -0.92 -0.958847 0.00240109
660 -0.92 -0.958788 0.00239817
661 -0.92 -0.958729 0.00239526
662 -1 -0.958792 0.00239245
663 -1 -0.958854 0.00238964
664 -1 -0.958916 0.00238685
665 -1 -0.958977 0.00238406
666 -1 -0.959039 0.00238127
667 -1 -0.9591 0.00237849
668 -1 -0.959162 0.00237572
669 -1 -0.959223 0.00237295
670 -1 -0.959284 0.00237018
671 -1 -0.959344 0.00236743
672 -1 -0.959405 0.00236468
673 -1 -0.959465 0.00236193
674 -1 -0.959525 0.00235919
675 -1 -0.959585 0.00235646
676 -1 -0.959645 0.00235373
677 -1 -0.959705 0.002351
678 -1 -0.959764 0.00234829
679 -1 -0.959823 0.00234557
680 -1 -0.959882 0.00234287
681 -1 -0.959941 0.00234016
682 -1 -0.96 0.00233747
683 -1 -0.960059 0.00233478
684 -1 -0.960117 0.00233209
685 -1 -0.960175 0.00232941
686 -1 -0.960233 0.00232674
687 -1 -0.960291 0.00232407
688 -1 -0.960349 0.00232141
689 -1 -0.960406 0.00231875
690 -1 -0.960464 0.0023161
691 -1 -0.960521 0.00231345
692 -1 -0.960578 0.00231081
693 -1 -0.960635 0.00230818
694 -1 -0.960692 0.00230555
695 -1 -0.960748 0.00230292
696 -1 -0.960805 0.0023003
697 -1 -0.960861 0.00229769
698 -1 -0.960917 0.00229508
699 -1 -0.960973 0.00229247
700 -1 -0.961029 0.00228988
701 -1 -0.961084 0.00228728
702 -1 -0.96114 0.00228469
703 -1 -0.961195 0.00228211
704 -1 -0.96125 0.00227953
705 -1 -0.961305 0.00227696
706 -1 -0.96136 0.0022744
707 -1 -0.961414 0.00227183
708 -1 -0.961469 0.00226928
709 -1 -0.961523 0.00226673
710 -1 -0.961577 0.00226418
711 -1 -0.961632 0.00226164
712 -1 -0.961685 0.0022591
713 -1 -0.961739 0.00225657
714 -1 -0.961793 0.00225405
715 -1 -0.961846 0.00225153
716 -1 -0.961899 0.00224901
717 -1 -0.961953 0.0022465
718 -1 -0.962006 0.00224399
719 -1 -0.962058 0.00224149
720 -1 -0.962111 0.002239
721 -1 -0.962164 0.00223651
722 -1 -0.962216 0.00223402
723 -1 -0.962268 0.00223154
724 -1 -0.96232 0.00222907
725 -1 -0.962372 0.0022266
726 -1 -0.962424 0.00222413
727 -1 -0.962476 0.00222167
728 -1 -0.962527 0.00221922
729 -1 -0.962579 0.00221677
730 -1 -0.96263 0.00221432
731 -1 -0.962681 0.00221188
732 -1 -0.962732 0.00220945
733 -1 -0.962783 0.00220702
734 -1 -0.962834 0.00220459
735 -1 -0.962884 0.00220217
736 -1 -0.962935 0.00219975
737 -1 -0.962985 0.00219734
738 -1 -0.963035 0.00219494
739 -1 -0.963085 0.00219253
740 -1 -0.963135 0.00219014
741 -1 -0.963185 0.00218775
742 -1 -0.963235 0.00218536
743 -1 -0.963284 0.00218298
744 -1 -0.963333 0.0021806
745 -1 -0.963383 0.00217823
746 -1 -0.963432 0.00217586
747 -1 -0.963481 0.00217349
748 -1 -0.963529 0.00217114
749 -1 -0.963578 0.00216878
750 -1 -0.963627 0.00216643
751 -1 -0.963675 0.00216409
752 -1 -0.963723 0.00216175
753 -1 -0.963772 0.00215941
754 -1 -0.96382 0.00215708
755 -1 -0.963868 0.00215476
756 -1 -0.963915 0.00215244
757 -0.92 -0.963857 0.00215037
758 -1 -0.963905 0.00214806
759 -1 -0.963953 0.00214576
760 -1 -0.964 0.00214346
761 -1 -0.964047 0.00214116
762 -1 -0.964094 0.00213887
763 -1 -0.964142 0.00213658
764 -1 -0.964188 0.0021343
765 -1 -0.964235 0.00213202
766 -1 -0.964282 0.00212975
767 -1 -0.964329 0.00212748
768 -1 -0.964375 0.00212522
769 -1 -0.964421 0.00212296
770 -1 -0.964468 0.0021207
771 -1 -0.964514 0.00211845
772 -1 -0.96456 0.0021162
773 -1 -0.964605 0.00211396
774 -1 -0.964651 0.00211172
775 -1 -0.964697 0.00210949
776 -1 -0.964742 0.00210726
777 -1 -0.964788 0.00210504
778 -1 -0.964833 0.00210282
779 -1 -0.964878 0.0021006
780 -1 -0.964923 0.00209839
781 -1 -0.964968 0.00209618
782 -1 -0.965013 0.00209398
783 -1 -0.965057 0.00209178
784 -1 -0.965102 0.00208959
785 -1 -0.965146 0.0020874
786 -1 -0.965191 0.00208521
787 -1 -0.965235 0.00208303
788 -1 -0.965279 0.00208085
789 -1 -0.965323 0.00207868
790 -1 -0.965367 0.00207651
791 -1 -0.965411 0.00207434
792 -1 -0.965455 0.00207218
793 -1 -0.965498 0.00207003
794 -1 -0.965542 0.00206788
795 -1 -0.965585 0.00206573
796 -1 -0.965628 0.00206358
797 -1 -0.965671 0.00206144
798 -1 -0.965714 0.00205931
799 -1 -0.965757 0.00205718
800 -1 -0.9658 0.00205505
801 -1 -0.965843 0.00205293
802 -1 -0.965885 0.00205081
803 -1 -0.965928 0.00204869
804 -1 -0.96597 0.00204658
805 -1 -0.966012 0.00204447
806 -1 -0.966055 0.00204237
807 -1 -0.966097 0.00204027
808 -1 -0.966139 0.00203818
809 -1 -0.96618 0.00203609
810 -1 -0.966222 0.002034
811 -1 -0.966264 0.00203192
812 -1 -0.966305 0.00202984
813 -1 -0.966347 0.00202777
814 -1 -0.966388 0.00202569
815 -1 -0.966429 0.00202363
816 -1 -0.966471 0.00202156
817 -1 -0.966512 0.00201951
818 -1 -0.966553 0.00201745
819 -1 -0.966593 0.0020154
820 -1 -0.966634 0.00201335
821 -1 -0.966675 0.00201131
822 -1 -0.966715 0.00200927
823 -1 -0.966756 0.00200724
824 -1 -0.966796 0.0020052
825 -1 -0.966836 0.00200318
826 -1 -0.966877 0.00200115
827 -1 -0.966917 0.00199913
828 -1 -0.966957 0.00199712
829 -1 -0.966996 0.0019951
830 -1 -0.967036 0.0019931
831 -1 -0.967076 0.00199109
832 -1 -0.967115 0.00198909
833 -1 -0.967155 0.00198709
834 -1 -0.967194 0.0019851
835 -1 -0.967234 0.00198311
836 -1 -0.967273 0.00198112
837 -1 -0.967312 0.00197914
838 -1 -0.967351 0.00197716
839 -1 -0.96739 0.00197519
840 -1 -0.967429 0.00197322
841 -1 -0.967467 0.00197125
842 -1 -0.967506 0.00196929
843 -1 -0.967544 0.00196733
844 -1 -0.967583 0.00196537
845 -1 -0.967621 0.00196342
846 -1 -0.96766 0.00196147
847 -1 -0.967698 0.00195953
848 -1 -0.967736 0.00195758
849 -1 -0.967774 0.00195565
850 -1 -0.967812 0.00195371
851 -1 -0.96785 0.00195178
852 -1 -0.967887 0.00194985
853 -1 -0.967925 0.00194793
854 -1 -0.967963 0.00194601
855 -1 -0.968 0.00194409
856 -1 -0.968037 0.00194218
857 -1 -0.968075 0.00194027
858 -1 -0.968112 0.00193837
859 -1 -0.968149 0.00193647
860 -1 -0.968186 0.00193457
861 -1 -0.968223 0.00193267
862 -1 -0.96826 0.00193078
863 -1 -0.968297 0.00192889
864 -1 -0.968333 0.00192701
865 -1 -0.96837 0.00192513
866 -1 -0.968406 0.00192325
867 -1 -0.968443 0.00192138
868 -1 -0.968479 0.00191951
869 -1 -0.968516 0.00191764
870 -1 -0.968552 0.00191577
871 -1 -0.968588 0.00191391
872 -1 -0.968624 0.00191206
873 -1 -0.96866 0.0019102
874 -1 -0.968696 0.00190835
875 -1 -0.968731 0.00190651
876 -1 -0.968767 0.00190466
877 -1 -0.968803 0.00190282
878 -1 -0.968838 0.00190099
879 -1 -0.968874 0.00189916
880 -1 -0.968909 0.00189733
881 -1 -0.968944 0.0018955
882 -1 -0.96898 0.00189368
883 -1 -0.969015 0.00189186
884 -1 -0.96905 0.00189004
885 -1 -0.969085 0.00188823
886 -1 -0.96912 0.00188642
887 -1 -0.969154 0.00188461
888 -1 -0.969189 0.00188281
889 -1 -0.969224 0.00188101
890 -1 -0.969258 0.00187921
891 -1 -0.969293 0.00187742
892 -1 -0.969327 0.00187563
893 -1 -0.969362 0.00187384
894 -1 -0.969396 0.00187206
895 -1 -0.96943 0.00187028
896 -1 -0.969464 0.0018685
897 -1 -0.969498 0.00186673
898 -1 -0.969532 0.00186496
899 -1 -0.969566 0.00186319
900 -1 -0.9696 0.00186143
901 -1 -0.969634 0.00185966
902 -1 -0.969667 0.00185791
903 -1 -0.969701 0.00185615
904 -1 -0.969735 0.0018544
905 -1 -0.969768 0.00185265
906 -1 -0.969801 0.00185091
907 -1 -0.969835 0.00184917
908 -1 -0.969868 0.00184743
909 -1 -0.969901 0.00184569
910 -1 -0.969934 0.00184396
911 -1 -0.969967 0.00184223
912 -1 -0.97 0.0018405
913 -1 -0.970033 0.00183878
914 -1 -0.970066 0.00183706
915 -1 -0.970098 0.00183534
916 -1 -0.970131 0.00183363
917 -1 -0.970164 0.00183192
918 -1 -0.970196 0.00183021
919 -1 -0.970229 0.0018285
920 -1 -0.970261 0.0018268
921 -1 -0.970293 0.0018251
922 -1 -0.970325 0.00182341
923 -1 -0.970358 0.00182171
924 -1 -0.97039 0.00182002
925 -1 -0.970422 0.00181834
926 -1 -0.970454 0.00181665
927 -1 -0.970485 0.00181497
928 -1 -0.970517 0.00181329
929 -1 -0.970549 0.00181162
930 -1 -0.970581 0.00180995
931 -1 -0.970612 0.00180828
932 -1 -0.970644 0.00180661
933 -1 -0.970675 0.00180495
934 -1 -0.970707 0.00180329
935 -1 -0.970738 0.00180163
936 -1 -0.970769 0.00179998
937 -1 -0.9708 0.00179833
938 -1 -0.970832 0.00179668
939 -1 -0.970863 0.00179503
940 -1 -0.970894 0.00179339
941 -1 -0.970925 0.00179175
942 -1 -0.970955 0.00179011
943 -1 -0.970986 0.00178848
944 -1 -0.971017 0.00178685
945 -1 -0.971048 0.00178522
946 -1 -0.971078 0.00178359
947 -1 -0.971109 0.00178197
948 -1 -0.971139 0.00178035
949 -1 -0.97117 0.00177873
950 -1 -0.9712 0.00177712
951 -1 -0.97123 0.00177551
952 -1 -0.971261 0.0017739
953 -1 -0.971291 0.00177229
954 -1 -0.971321 0.00177069
955 -1 -0.971351 0.00176909
956 -1 -0.971381 0.00176749
957 -1 -0.971411 0.0017659
958 -1 -0.971441 0.00176431
959 -1 -0.97147 0.00176272
960 -1 -0.9715 0.00176113
961 -1 -0.97153 0.00175955
962 -1 -0.971559 0.00175797
963 -1 -0.971589 0.00175639
964 -1 -0.971618 0.00175481
965 -1 -0.971648 0.00175324
966 -1 -0.971677 0.00175167
967 -1 -0.971706 0.0017501
968 -1 -0.971736 0.00174854
969 -1 -0.971765 0.00174698
970 -1 -0.971794 0.00174542
971 -1 -0.971823 0.00174386
972 -1 -0.971852 0.00174231
973 -1 -0.971881 0.00174076
974 -1 -0.97191 0.00173921
975 -1 -0.971938 0.00173766
976 -1 -0.971967 0.00173612
977 -1 -0.971996 0.00173458
978 -1 -0.972025 0.00173304
979 -1 -0.972053 0.0017315
980 -1 -0.972082 0.00172997
981 -1 -0.97211 0.00172844
982 -1 -0.972138 0.00172691
983 -1 -0.972167 0.00172539
984 -1 -0.972195 0.00172387
985 -1 -0.972223 0.00172235
986 -1 -0.972252 0.00172083
987 -1 -0.97228 0.00171932
988 -1 -0.972308 0.0017178
989 -1 -0.972336 0.00171629
990 -1 -0.972364 0.00171479
991 -1 -0.972392 0.00171328
992 -1 -0.972419 0.00171178
993 -1 -0.972447 0.00171028
994 -1 -0.972475 0.00170879
995 -1 -0.972503 0.00170729
996 -1 -0.97253 0.0017058
997 -1 -0.972558 0.00170431
998 -1 -0.972585 0.00170282
999 -1 -0.972613 0.00170134
1000 -1 -0.97264 0.00169986
