1 0.28 0.28 0
2 0.28 0.28 0
3 0.36 0.306667 0.0266667
4 0.36 0.32 0.023094
5 0.4 0.336 0.024
6 0.56 0.373333 0.0421637
7 0.52 0.394286 0.0413382
8 0.48 0.405 0.0373688
9 0.4 0.404444 0.0329609
10 0.36 0.4 0.0298142
11 0.4 0.4 0.026968
12 0.52 0.41 0.0265718
13 0.36 0.406154 0.0247433
14 0.44 0.408571 0.023035
15 0.52 0.416 0.0226947
16 0.6 0.4275 0.0241437
17 0.56 0.435294 0.023981
18 0.68 0.448889 0.0263819
19 0.6 0.456842 0.0261915
20 0.52 0.46 0.0250473
21 0.52 0.462857 0.0239955
22 0.48 0.463636 0.022892
23 0.36 0.45913 0.0223334
24 0.32 0.453333 0.0221545
25 0.36 0.4496 0.0215753
26 0.44 0.449231 0.0207322
27 0.52 0.451852 0.020121
28 0.52 0.454286 0.0195412
29 0.52 0.456552 0.018991
30 0.48 0.457333 0.0183637
31 0.48 0.458065 0.0177765
32 0.36 0.455 0.0174827
33 0.32 0.450909 0.0174315
34 0.24 0.444706 0.0180128
35 0.2 0.437714 0.0188363
36 0.24 0.432222 0.0191117
37 0.24 0.427027 0.0193003
38 0.24 0.422105 0.0194196
39 0.24 0.417436 0.0194829
40 0.24 0.413 0.0195008
41 0.32 0.410732 0.019154
42 0.28 0.407619 0.0189498
43 0.24 0.403721 0.01891
44 0.2 0.399091 0.0190466
45 0.2 0.394667 0.0191369
46 0.24 0.391304 0.0190159
47 0.32 0.389787 0.0186687
48 0.32 0.388333 0.0183333
49 0.32 0.386939 0.0180094
50 0.32 0.3856 0.0176962
51 0.28 0.383529 0.0174689
52 0.28 0.381538 0.017245
53 0.28 0.379623 0.0170246
54 0.28 0.377778 0.0168079
55 0.32 0.376727 0.0165329
56 0.24 0.374286 0.0164176
57 0.32 0.373333 0.0161551
58 0.36 0.373103 0.0158757
59 0.32 0.372203 0.0156303
60 0.4 0.372667 0.0153745
61 0.44 0.37377 0.0151606
62 0.44 0.374839 0.0149523
63 0.48 0.376508 0.0148074
64 0.52 0.37875 0.0147457
65 0.44 0.379692 0.0145476
66 0.44 0.380606 0.0143546
67 0.52 0.382687 0.014291
68 0.68 0.387059 0.0147425
69 0.68 0.391304 0.015135
70 0.68 0.395429 0.0154768
71 0.76 0.400563 0.0160981
72 0.72 0.405 0.0164814
73 0.68 0.408767 0.0166849
74 0.68 0.412432 0.0168611
75 0.68 0.416 0.017013
76 0.84 0.421579 0.0176904
77 0.84 0.427013 0.0182852
78 0.84 0.432308 0.0188098
79 0.84 0.437468 0.019274
80 0.84 0.4425 0.0196854
81 0.76 0.44642 0.0198321
82 0.68 0.449268 0.0197948
83 0.76 0.453012 0.01991
84 0.84 0.457619 0.0202038
85 0.92 0.463059 0.0206925
86 0.88 0.467907 0.0210173
87 0.88 0.472644 0.0213075
88 0.88 0.477273 0.0215666
89 0.8 0.480899 0.021629
90 0.8 0.484444 0.0216793
91 0.8 0.487912 0.0217183
92 0.76 0.49087 0.0216836
93 0.72 0.493333 0.0215902
94 0.76 0.49617 0.0215469
95 0.8 0.499368 0.0215574
96 0.8 0.5025 0.0215603
97 0.88 0.506392 0.0216889
98 0.84 0.509796 0.0217347
99 0.8 0.512727 0.0217128
100 0.72 0.5148 0.0215943
101 0.64 0.51604 0.0214153
102 0.76 0.518431 0.0213388
103 0.8 0.521165 0.0213067
104 0.68 0.522692 0.021156
105 0.68 0.52419 0.0210071
106 0.72 0.526038 0.0208898
107 0.68 0.527477 0.0207436
108 0.6 0.528148 0.0205616
109 0.6 0.528807 0.0203827
110 0.68 0.530182 0.0202433
111 0.76 0.532252 0.0201667
112 0.88 0.535357 0.0202255
113 0.84 0.538053 0.0202262
114 0.88 0.541053 0.0202712
115 0.8 0.543304 0.0202199
116 0.76 0.545172 0.0201317
117 0.84 0.547692 0.0201173
118 0.8 0.549831 0.0200604
119 0.68 0.550924 0.0199211
120 0.76 0.552667 0.0198311
121 0.68 0.553719 0.0196947
122 0.72 0.555082 0.0195801
123 0.68 0.556098 0.0194468
124 0.64 0.556774 0.0193012
125 0.64 0.55744 0.0191577
126 0.68 0.558413 0.0190299
127 0.64 0.559055 0.0188904
128 0.64 0.559688 0.0187529
129 0.68 0.56062 0.0186304
130 0.72 0.561846 0.0185271
131 0.64 0.562443 0.0183948
132 0.6 0.562727 0.0182571
133 0.64 0.563308 0.0181287
134 0.64 0.563881 0.018002
135 0.56 0.563852 0.0178681
136 0.64 0.564412 0.0177451
137 0.68 0.565255 0.0176353
138 0.68 0.566087 0.0175268
139 0.68 0.566906 0.0174195
140 0.68 0.567714 0.0173135
141 0.72 0.568794 0.0172242
142 0.76 0.570141 0.0171554
143 0.76 0.571469 0.0170866
144 0.72 0.5725 0.0169989
145 0.76 0.573793 0.0169307
146 0.68 0.574521 0.0168301
147 0.64 0.574966 0.0167211
148 0.68 0.575676 0.0166229
149 0.76 0.576913 0.0165572
150 0.76 0.578133 0.0164917
151 0.76 0.579338 0.0164263
152 0.76 0.580526 0.0163612
153 0.72 0.581438 0.0162794
154 0.64 0.581818 0.0161778
155 0.6 0.581935 0.0160735
156 0.52 0.581538 0.0159751
157 0.44 0.580637 0.0158986
158 0.52 0.580253 0.0158023
159 0.44 0.579371 0.0157274
160 0.52 0.579 0.0156332
161 0.56 0.578882 0.0155362
162 0.68 0.579506 0.0154526
163 0.68 0.580123 0.0153699
164 0.68 0.580732 0.015288
165 0.72 0.581576 0.0152185
166 0.8 0.582892 0.0151837
167 0.76 0.583952 0.0151297
168 0.76 0.585 0.0150758
169 0.72 0.585799 0.0150076
170 0.72 0.586588 0.01494
171 0.72 0.587368 0.0148728
172 0.68 0.587907 0.0147959
173 0.6 0.587977 0.0147103
174 0.6 0.588046 0.0146257
175 0.6 0.588114 0.014542
176 0.64 0.588409 0.0144622
177 0.64 0.588701 0.0143832
178 0.64 0.588989 0.0143051
179 0.64 0.589274 0.0142278
180 0.64 0.589556 0.0141513
181 0.6 0.589613 0.014073
182 0.64 0.58989 0.0139982
183 0.72 0.590601 0.0139397
184 0.76 0.591522 0.0138942
185 0.72 0.592216 0.0138364
186 0.72 0.592903 0.0137789
187 0.68 0.593369 0.0137129
188 0.68 0.59383 0.0136476
189 0.68 0.594286 0.0135828
190 0.84 0.595579 0.0135729
191 0.84 0.596859 0.0135622
192 0.88 0.598333 0.0135717
193 0.92 0.6 0.0136037
194 0.96 0.601856 0.01366
195 0.88 0.603282 0.0136644
196 0.96 0.605102 0.0137158
197 1 0.607107 0.0137925
198 1 0.609091 0.0138654
199 1 0.611055 0.0139347
200 1 0.613 0.0140005
201 1 0.614925 0.0140631
202 1 0.616832 0.0141226
203 1 0.618719 0.014179
204 1 0.620588 0.0142326
205 1 0.622439 0.0142834
206 1 0.624272 0.0143316
207 1 0.626087 0.0143773
208 1 0.627885 0.0144205
209 1 0.629665 0.0144613
210 1 0.631429 0.0144999
211 1 0.633175 0.0145364
212 1 0.634906 0.0145707
213 1 0.63662 0.0146031
214 1 0.638318 0.0146336
215 1 0.64 0.0146622
216 1 0.641667 0.014689
217 1 0.643318 0.0147141
218 1 0.644954 0.0147376
219 1 0.646575 0.0147594
220 1 0.648182 0.0147797
221 1 0.649774 0.0147986
222 1 0.651351 0.014816
223 1 0.652915 0.014832
224 1 0.654464 0.0148468
225 1 0.656 0.0148602
226 1 0.657522 0.0148724
227 1 0.659031 0.0148834
228 1 0.660526 0.0148932
229 1 0.662009 0.014902
230 1 0.663478 0.0149096
231 1 0.664935 0.0149163
232 1 0.666379 0.0149219
233 1 0.667811 0.0149266
234 1 0.669231 0.0149303
235 1 0.670638 0.0149331
236 1 0.672034 0.014935
237 1 0.673418 0.0149361
238 1 0.67479 0.0149364
239 1 0.676151 0.0149359
240 1 0.6775 0.0149346
241 1 0.678838 0.0149326
242 1 0.680165 0.0149298
243 1 0.681481 0.0149264
244 1 0.682787 0.0149223
245 1 0.684082 0.0149176
246 1 0.685366 0.0149122
247 1 0.68664 0.0149063
248 1 0.687903 0.0148997
249 1 0.689157 0.0148926
250 1 0.6904 0.0148849
251 1 0.691633 0.0148767
252 1 0.692857 0.014868
253 1 0.694071 0.0148588
254 1 0.695276 0.0148491
255 1 0.696471 0.014839
256 1 0.697656 0.0148284
257 1 0.698833 0.0148173
258 1 0.7 0.0148059
259 1 0.701158 0.014794
260 1 0.702308 0.0147818
261 1 0.703448 0.0147691
262 1 0.70458 0.0147561
263 1 0.705703 0.0147428
264 1 0.706818 0.0147291
265 1 0.707925 0.014715
266 1 0.709023 0.0147007
267 1 0.710112 0.014686
268 1 0.711194 0.014671
269 1 0.712268 0.0146558
270 1 0.713333 0.0146402
271 1 0.714391 0.0146244
272 1 0.715441 0.0146083
273 1 0.716484 0.014592
274 1 0.717518 0.0145754
275 1 0.718545 0.0145586
276 1 0.719565 0.0145415
277 1 0.720578 0.0145243
278 1 0.721583 0.0145068
279 1 0.722581 0.0144891
280 1 0.723571 0.0144712
281 1 0.724555 0.0144532
282 1 0.725532 0.0144349
283 1 0.726502 0.0144165
284 1 0.727465 0.0143979
285 1 0.728421 0.0143791
286 1 0.729371 0.0143601
287 1 0.730314 0.0143411
288 1 0.73125 0.0143218
289 1 0.73218 0.0143024
290 1 0.733103 0.0142829
291 1 0.734021 0.0142633
292 1 0.734932 0.0142435
293 1 0.735836 0.0142236
294 1 0.736735 0.0142036
295 1 0.737627 0.0141835
296 1 0.738514 0.0141632
297 1 0.739394 0.0141429
298 1 0.740268 0.0141225
299 1 0.741137 0.0141019
300 1 0.742 0.0140813
301 1 0.742857 0.0140606
302 1 0.743709 0.0140398
303 1 0.744554 0.0140189
304 1 0.745395 0.013998
305 1 0.74623 0.013977
306 1 0.747059 0.0139559
307 1 0.747883 0.0139347
308 1 0.748701 0.0139135
309 1 0.749515 0.0138922
310 1 0.750323 0.0138709
311 1 0.751125 0.0138495
312 1 0.751923 0.0138281
313 1 0.752716 0.0138066
314 1 0.753503 0.0137851
315 1 0.754286 0.0137635
316 1 0.755063 0.0137419
317 1 0.755836 0.0137202
318 1 0.756604 0.0136986
319 1 0.757367 0.0136769
320 1 0.758125 0.0136551
321 1 0.758879 0.0136334
322 1 0.759627 0.0136116
323 1 0.760372 0.0135897
324 1 0.761111 0.0135679
325 1 0.761846 0.0135461
326 1 0.762577 0.0135242
327 1 0.763303 0.0135023
328 1 0.764024 0.0134804
329 1 0.764742 0.0134585
330 1 0.765455 0.0134366
331 1 0.766163 0.0134146
332 1 0.766867 0.0133927
333 1 0.767568 0.0133708
334 1 0.768263 0.0133488
335 1 0.768955 0.0133269
336 1 0.769643 0.0133049
337 1 0.770326 0.013283
338 1 0.771006 0.0132611
339 1 0.771681 0.0132391
340 1 0.772353 0.0132172
341 1 0.773021 0.0131953
342 1 0.773684 0.0131734
343 1 0.774344 0.0131515
344 0.88 0.774651 0.0131168
345 0.84 0.774841 0.0130801
346 0.92 0.77526 0.013049
347 0.84 0.775447 0.0130127
348 0.88 0.775747 0.0129787
349 0.84 0.775931 0.0129428
350 0.96 0.776457 0.0129164
351 1 0.777094 0.0128953
352 1 0.777727 0.0128742
353 1 0.778357 0.0128531
354 1 0.778983 0.0128321
355 1 0.779606 0.012811
356 1 0.780225 0.0127899
357 1 0.78084 0.0127689
358 0.96 0.781341 0.012743
359 1 0.78195 0.0127221
360 1 0.782556 0.0127011
361 1 0.783158 0.0126802
362 1 0.783757 0.0126593
363 1 0.784353 0.0126384
364 1 0.784945 0.0126176
365 1 0.785534 0.0125968
366 1 0.78612 0.012576
367 1 0.786703 0.0125552
368 1 0.787283 0.0125344
369 1 0.787859 0.0125137
370 1 0.788432 0.012493
371 1 0.789003 0.0124723
372 1 0.78957 0.0124517
373 1 0.790134 0.012431
374 1 0.790695 0.0124105
375 1 0.791253 0.0123899
376 1 0.791809 0.0123694
377 1 0.792361 0.0123489
378 1 0.79291 0.0123284
379 1 0.793456 0.012308
380 1 0.794 0.0122876
381 1 0.794541 0.0122672
382 1 0.795079 0.0122468
383 1 0.795614 0.0122265
384 1 0.796146 0.0122063
385 1 0.796675 0.012186
386 1 0.797202 0.0121658
387 1 0.797726 0.0121457
388 1 0.798247 0.0121255
389 1 0.798766 0.0121054
390 1 0.799282 0.0120854
391 1 0.799795 0.0120654
392 1 0.800306 0.0120454
393 1 0.800814 0.0120254
394 1 0.80132 0.0120055
395 1 0.801823 0.0119856
396 1 0.802323 0.0119658
397 1 0.802821 0.011946
398 1 0.803317 0.0119262
399 1 0.80381 0.0119065
400 1 0.8043 0.0118868
401 1 0.804788 0.0118672
402 1 0.805274 0.0118476
403 1 0.805757 0.011828
404 1 0.806238 0.0118085
405 1 0.806716 0.011789
406 1 0.807192 0.0117696
407 1 0.807666 0.0117502
408 1 0.808137 0.0117308
409 1 0.808606 0.0117115
410 1 0.809073 0.0116922
411 1 0.809538 0.011673
412 1 0.81 0.0116538
413 1 0.81046 0.0116347
414 1 0.810918 0.0116155
415 1 0.811373 0.0115965
416 1 0.811827 0.0115775
417 1 0.812278 0.0115585
418 1 0.812727 0.0115395
419 1 0.813174 0.0115206
420 1 0.813619 0.0115018
421 1 0.814062 0.0114829
422 1 0.814502 0.0114642
423 1 0.814941 0.0114454
424 0.96 0.815283 0.0114235
425 1 0.815718 0.0114049
426 0.96 0.816056 0.0113832
427 1 0.816487 0.0113646
428 1 0.816916 0.0113462
429 1 0.817343 0.0113277
430 1 0.817767 0.0113093
431 1 0.81819 0.011291
432 1 0.818611 0.0112727
433 1 0.81903 0.0112544
434 1 0.819447 0.0112362
435 1 0.819862 0.011218
436 1 0.820275 0.0111999
437 1 0.820686 0.0111818
438 1 0.821096 0.0111637
439 1 0.821503 0.0111457
440 1 0.821909 0.0111278
441 1 0.822313 0.0111098
442 1 0.822715 0.011092
443 1 0.823115 0.0110741
444 1 0.823514 0.0110563
445 1 0.82391 0.0110386
446 1 0.824305 0.0110209
447 1 0.824698 0.0110032
448 1 0.825089 0.0109856
449 1 0.825479 0.010968
450 1 0.825867 0.0109505
451 1 0.826253 0.010933
452 1 0.826637 0.0109156
453 1 0.82702 0.0108982
454 1 0.827401 0.0108808
455 1 0.82778 0.0108635
456 1 0.828158 0.0108462
457 1 0.828534 0.010829
458 1 0.828908 0.0108118
459 1 0.829281 0.0107947
460 1 0.829652 0.0107776
461 1 0.830022 0.0107605
462 1 0.83039 0.0107435
463 1 0.830756 0.0107265
464 1 0.831121 0.0107096
465 1 0.831484 0.0106927
466 1 0.831845 0.0106759
467 1 0.832206 0.0106591
468 1 0.832564 0.0106423
469 1 0.832921 0.0106256
470 1 0.833277 0.0106089
471 1 0.833631 0.0105923
472 1 0.833983 0.0105757
473 1 0.834334 0.0105591
474 1 0.834684 0.0105426
475 1 0.835032 0.0105262
476 1 0.835378 0.0105097
477 1 0.835723 0.0104934
478 1 0.836067 0.010477
479 1 0.836409 0.0104607
480 1 0.83675 0.0104445
481 1 0.837089 0.0104283
482 1 0.837427 0.0104121
483 1 0.837764 0.010396
484 1 0.838099 0.0103799
485 1 0.838433 0.0103638
486 1 0.838765 0.0103478
487 1 0.839097 0.0103319
488 1 0.839426 0.0103159
489 1 0.839755 0.0103001
490 1 0.840082 0.0102842
491 1 0.840407 0.0102684
492 1 0.840732 0.0102527
493 1 0.841055 0.0102369
494 1 0.841377 0.0102213
495 1 0.841697 0.0102056
496 1 0.842016 0.01019
497 1 0.842334 0.0101745
498 1 0.842651 0.010159
499 1 0.842966 0.0101435
500 1 0.84328 0.010128
501 1 0.843593 0.0101126
502 1 0.843904 0.0100973
503 0.96 0.844135 0.0100798
504 1 0.844444 0.0100646
505 1 0.844752 0.0100493
506 1 0.845059 0.0100342
507 1 0.845365 0.010019
508 1 0.845669 0.0100039
509 1 0.845972 0.00998883
510 1 0.846275 0.00997379
511 1 0.846575 0.0099588
512 1 0.846875 0.00994385
513 1 0.847173 0.00992893
514 1 0.847471 0.00991406
515 1 0.847767 0.00989922
516 1 0.848062 0.00988442
517 1 0.848356 0.00986966
518 1 0.848649 0.00985494
519 0.92 0.848786 0.00983689
520 1 0.849077 0.00982226
521 1 0.849367 0.00980767
522 1 0.849655 0.00979311
523 1 0.849943 0.0097786
524 1 0.850229 0.00976412
525 1 0.850514 0.00974968
526 1 0.850798 0.00973527
527 1 0.851082 0.00972091
528 1 0.851364 0.00970658
529 1 0.851645 0.00969228
530 1 0.851925 0.00967803
531 1 0.852203 0.00966381
532 1 0.852481 0.00964963
533 1 0.852758 0.00963548
534 1 0.853034 0.00962137
535 1 0.853308 0.0096073
536 1 0.853582 0.00959326
537 1 0.853855 0.00957926
538 1 0.854126 0.0095653
539 1 0.854397 0.00955137
540 1 0.854667 0.00953748
541 1 0.854935 0.00952362
542 1 0.855203 0.0095098
543 1 0.85547 0.00949602
544 1 0.855735 0.00948227
545 1 0.856 0.00946856
546 1 0.856264 0.00945488
547 1 0.856527 0.00944123
548 1 0.856788 0.00942763
549 1 0.857049 0.00941405
550 1 0.857309 0.00940051
551 1 0.857568 0.00938701
552 1 0.857826 0.00937354
553 1 0.858083 0.00936011
554 1 0.858339 0.00934671
555 1 0.858595 0.00933334
556 1 0.858849 0.00932001
557 0.96 0.859031 0.00930504
558 0.92 0.85914 0.00928899
559 1 0.859392 0.00927578
560 1 0.859643 0.0092626
561 1 0.859893 0.00924946
562 1 0.860142 0.00923636
563 1 0.860391 0.00922328
564 1 0.860638 0.00921024
565 1 0.860885 0.00919723
566 1 0.861131 0.00918426
567 1 0.861376 0.00917132
568 1 0.86162 0.00915841
569 1 0.861863 0.00914553
570 1 0.862105 0.00913269
571 1 0.862347 0.00911988
572 1 0.862587 0.0091071
573 1 0.862827 0.00909436
574 1 0.863066 0.00908164
575 1 0.863304 0.00906896
576 1 0.863542 0.00905631
577 1 0.863778 0.0090437
578 1 0.864014 0.00903111
579 1 0.864249 0.00901856
580 1 0.864483 0.00900604
581 1 0.864716 0.00899355
582 1 0.864948 0.00898109
583 1 0.86518 0.00896867
584 1 0.865411 0.00895627
585 1 0.865641 0.00894391
586 1 0.86587 0.00893158
587 1 0.866099 0.00891928
588 1 0.866327 0.00890701
589 1 0.866553 0.00889477
590 1 0.86678 0.00888256
591 1 0.867005 0.00887038
592 1 0.86723 0.00885823
593 1 0.867454 0.00884612
594 1 0.867677 0.00883403
595 1 0.867899 0.00882197
596 1 0.868121 0.00880995
597 1 0.868342 0.00879795
598 1 0.868562 0.00878599
599 1 0.868781 0.00877405
600 0.92 0.868867 0.00875983
601 0.8 0.868752 0.00874599
602 0.8 0.868638 0.0087322
603 0.8 0.868524 0.00871845
604 0.76 0.868344 0.00870586
605 0.84 0.868298 0.00869158
606 0.76 0.868119 0.00867907
607 0.84 0.868072 0.00866488
608 0.8 0.867961 0.00865134
609 0.76 0.867783 0.00863895
610 0.72 0.867541 0.00862817
611 0.72 0.8673 0.00861742
612 0.76 0.867124 0.00860512
613 0.76 0.866949 0.00859285
614 0.72 0.86671 0.00858218
615 0.6 0.866276 0.00857918
616 0.48 0.865649 0.00858816
617 0.52 0.865089 0.00859252
618 0.44 0.864401 0.00860613
619 0.36 0.863586 0.00863077
620 0.44 0.862903 0.00864388
621 0.52 0.862351 0.0086476
622 0.56 0.861865 0.00864736
623 0.6 0.861445 0.00864369
624 0.64 0.86109 0.00863712
625 0.52 0.860544 0.00864054
626 0.4 0.859808 0.00865804
627 0.4 0.859075 0.00867528
628 0.48 0.858471 0.00868246
629 0.48 0.85787 0.0086895
630 0.4 0.857143 0.00870609
631 0.36 0.856355 0.00872791
632 0.36 0.85557 0.00874941
633 0.48 0.854976 0.0087557
634 0.52 0.854448 0.00875783
635 0.56 0.853984 0.00875632
636 0.48 0.853396 0.00876229
637 0.56 0.852936 0.00876064
638 0.56 0.852476 0.00875894
639 0.52 0.851956 0.00876069
640 0.6 0.851562 0.00875584
641 0.56 0.851108 0.008754
642 0.44 0.850467 0.00876378
643 0.4 0.849767 0.00877814
644 0.44 0.84913 0.00878756
645 0.52 0.84862 0.00878876
646 0.44 0.847988 0.00879791
647 0.56 0.847543 0.00879557
648 0.56 0.847099 0.00879319
649 0.6 0.846718 0.00878788
650 0.56 0.846277 0.00878543
651 0.6 0.845899 0.00878008
652 0.64 0.845583 0.00877229
653 0.68 0.845329 0.00876251
654 0.72 0.845138 0.0087512
655 0.72 0.844947 0.00873992
656 0.76 0.844817 0.00872755
657 0.84 0.84481 0.00871426
658 0.84 0.844802 0.00870101
659 0.8 0.844734 0.00868806
660 0.84 0.844727 0.00867489
661 0.92 0.844841 0.0086625
662 1 0.845076 0.00865258
663 1 0.845309 0.00864268
664 1 0.845542 0.0086328
665 1 0.845774 0.00862294
666 1 0.846006 0.0086131
667 1 0.846237 0.00860327
668 1 0.846467 0.00859347
669 1 0.846697 0.00858368
670 1 0.846925 0.00857391
671 1 0.847154 0.00856416
672 1 0.847381 0.00855443
673 1 0.847608 0.00854472
674 1 0.847834 0.00853503
675 1 0.848059 0.00852536
676 1 0.848284 0.0085157
677 1 0.848508 0.00850607
678 1 0.848732 0.00849645
679 1 0.848954 0.00848685
680 1 0.849176 0.00847728
681 1 0.849398 0.00846771
682 1 0.849619 0.00845817
683 1 0.849839 0.00844865
684 1 0.850058 0.00843914
685 1 0.850277 0.00842966
686 1 0.850496 0.00842019
687 1 0.850713 0.00841074
688 1 0.85093 0.00840131
689 1 0.851147 0.0083919
690 1 0.851362 0.0083825
691 1 0.851577 0.00837313
692 1 0.851792 0.00836377
693 1 0.852006 0.00835443
694 1 0.852219 0.00834511
695 1 0.852432 0.0083358
696 1 0.852644 0.00832652
697 1 0.852855 0.00831725
698 1 0.853066 0.008308
699 1 0.853276 0.00829877
700 1 0.853486 0.00828956
701 1 0.853695 0.00828036
702 1 0.853903 0.00827118
703 1 0.854111 0.00826202
704 1 0.854318 0.00825288
705 1 0.854525 0.00824376
706 1 0.854731 0.00823465
707 1 0.854936 0.00822556
708 1 0.855141 0.00821649
709 1 0.855346 0.00820744
710 1 0.855549 0.0081984
711 1 0.855752 0.00818938
712 1 0.855955 0.00818038
713 1 0.856157 0.0081714
714 1 0.856359 0.00816243
715 1 0.856559 0.00815348
716 1 0.85676 0.00814455
717 1 0.85696 0.00813564
718 1 0.857159 0.00812674
719 1 0.857357 0.00811786
720 1 0.857556 0.008109
721 1 0.857753 0.00810015
722 1 0.85795 0.00809133
723 1 0.858147 0.00808252
724 1 0.858343 0.00807372
725 1 0.858538 0.00806495
726 1 0.858733 0.00805619
727 1 0.858927 0.00804744
728 1 0.859121 0.00803872
729 1 0.859314 0.00803001
730 1 0.859507 0.00802132
731 1 0.859699 0.00801264
732 1 0.859891 0.00800398
733 1 0.860082 0.00799534
734 1 0.860272 0.00798672
735 1 0.860463 0.00797811
736 1 0.860652 0.00796952
737 1 0.860841 0.00796094
738 1 0.86103 0.00795238
739 1 0.861218 0.00794384
740 1 0.861405 0.00793531
741 1 0.861592 0.0079268
742 1 0.861779 0.00791831
743 1 0.861965 0.00790984
744 1 0.862151 0.00790137
745 1 0.862336 0.00789293
746 1 0.86252 0.0078845
747 1 0.862704 0.00787609
748 1 0.862888 0.0078677
749 1 0.863071 0.00785932
750 1 0.863253 0.00785095
751 1 0.863435 0.00784261
752 1 0.863617 0.00783428
753 1 0.863798 0.00782596
754 1 0.863979 0.00781766
755 1 0.864159 0.00780938
756 1 0.864339 0.00780111
757 0.96 0.864465 0.00779183
758 1 0.864644 0.00778359
759 1 0.864822 0.00777538
760 1 0.865 0.00776718
761 1 0.865177 0.00775899
762 1 0.865354 0.00775082
763 1 0.865531 0.00774267
764 1 0.865707 0.00773453
765 1 0.865882 0.00772641
766 1 0.866057 0.0077183
767 1 0.866232 0.00771021
768 1 0.866406 0.00770213
769 1 0.86658 0.00769407
770 1 0.866753 0.00768603
771 1 0.866926 0.007678
772 1 0.867098 0.00766998
773 1 0.86727 0.00766198
774 1 0.867442 0.007654
775 1 0.867613 0.00764603
776 1 0.867784 0.00763807
777 1 0.867954 0.00763014
778 1 0.868123 0.00762221
779 1 0.868293 0.0076143
780 1 0.868462 0.00760641
781 1 0.86863 0.00759853
782 1 0.868798 0.00759067
783 1 0.868966 0.00758282
784 1 0.869133 0.00757498
785 1 0.869299 0.00756716
786 1 0.869466 0.00755936
787 1 0.869632 0.00755157
788 1 0.869797 0.0075438
789 1 0.869962 0.00753604
790 1 0.870127 0.00752829
791 1 0.870291 0.00752056
792 1 0.870455 0.00751284
793 1 0.870618 0.00750514
794 1 0.870781 0.00749745
795 1 0.870943 0.00748978
796 1 0.871106 0.00748212
797 1 0.871267 0.00747448
798 1 0.871429 0.00746685
799 1 0.871589 0.00745923
800 1 0.87175 0.00745163
801 1 0.87191 0.00744405
802 1 0.87207 0.00743647
803 1 0.872229 0.00742892
804 1 0.872388 0.00742137
805 1 0.872547 0.00741384
806 1 0.872705 0.00740633
807 1 0.872862 0.00739882
808 1 0.87302 0.00739134
809 1 0.873177 0.00738386
810 1 0.873333 0.0073764
811 1 0.87349 0.00736896
812 1 0.873645 0.00736153
813 1 0.873801 0.00735411
814 1 0.873956 0.0073467
815 1 0.87411 0.00733931
816 1 0.874265 0.00733194
817 1 0.874419 0.00732457
818 1 0.874572 0.00731723
819 1 0.874725 0.00730989
820 1 0.874878 0.00730257
821 1 0.87503 0.00729526
822 1 0.875182 0.00728797
823 1 0.875334 0.00728069
824 1 0.875485 0.00727342
825 1 0.875636 0.00726616
826 1 0.875787 0.00725892
827 1 0.875937 0.0072517
828 1 0.876087 0.00724448
829 1 0.876236 0.00723728
830 1 0.876386 0.00723009
831 1 0.876534 0.00722292
832 1 0.876683 0.00721576
833 1 0.876831 0.00720861
834 1 0.876978 0.00720148
835 1 0.877126 0.00719436
836 1 0.877273 0.00718725
837 1 0.877419 0.00718016
838 1 0.877566 0.00717307
839 1 0.877712 0.00716601
840 1 0.877857 0.00715895
841 1 0.878002 0.00715191
842 1 0.878147 0.00714488
843 1 0.878292 0.00713786
844 1 0.878436 0.00713086
845 1 0.87858 0.00712387
846 1 0.878723 0.00711689
847 1 0.878867 0.00710992
848 1 0.879009 0.00710297
849 1 0.879152 0.00709603
850 1 0.879294 0.0070891
851 1 0.879436 0.00708219
852 1 0.879577 0.00707528
853 1 0.879719 0.00706839
854 1 0.879859 0.00706152
855 1 0.88 0.00705465
856 1 0.88014 0.0070478
857 1 0.88028 0.00704096
858 1 0.88042 0.00703414
859 1 0.880559 0.00702732
860 1 0.880698 0.00702052
861 1 0.880836 0.00701373
862 1 0.880974 0.00700695
863 1 0.881112 0.00700019
864 1 0.88125 0.00699343
865 1 0.881387 0.00698669
866 1 0.881524 0.00697996
867 1 0.881661 0.00697325
868 1 0.881797 0.00696654
869 1 0.881933 0.00695985
870 1 0.882069 0.00695317
871 1 0.882204 0.0069465
872 1 0.882339 0.00693985
873 1 0.882474 0.0069332
874 1 0.882609 0.00692657
875 1 0.882743 0.00691995
876 1 0.882877 0.00691334
877 1 0.88301 0.00690675
878 1 0.883144 0.00690016
879 1 0.883276 0.00689359
880 1 0.883409 0.00688703
881 1 0.883541 0.00688048
882 1 0.883673 0.00687394
883 1 0.883805 0.00686742
884 1 0.883937 0.00686091
885 1 0.884068 0.0068544
886 1 0.884199 0.00684791
887 1 0.884329 0.00684143
888 1 0.884459 0.00683497
889 1 0.884589 0.00682851
890 1 0.884719 0.00682207
891 1 0.884848 0.00681563
892 1 0.884978 0.00680921
893 1 0.885106 0.0068028
894 1 0.885235 0.0067964
895 1 0.885363 0.00679002
896 1 0.885491 0.00678364
897 1 0.885619 0.00677728
898 1 0.885746 0.00677092
899 1 0.885873 0.00676458
900 1 0.886 0.00675825
901 1 0.886127 0.00675193
902 1 0.886253 0.00674562
903 1 0.886379 0.00673933
904 1 0.886504 0.00673304
905 1 0.88663 0.00672677
906 1 0.886755 0.0067205
907 1 0.88688 0.00671425
908 1 0.887004 0.00670801
909 1 0.887129 0.00670178
910 1 0.887253 0.00669556
911 1 0.887377 0.00668935
912 1 0.8875 0.00668315
913 1 0.887623 0.00667696
914 1 0.887746 0.00667079
915 1 0.887869 0.00666462
916 1 0.887991 0.00665847
917 1 0.888113 0.00665232
918 1 0.888235 0.00664619
919 1 0.888357 0.00664007
920 1 0.888478 0.00663396
921 1 0.888599 0.00662786
922 1 0.88872 0.00662177
923 1 0.888841 0.00661569
924 1 0.888961 0.00660962
925 1 0.889081 0.00660356
926 1 0.889201 0.00659751
927 1 0.88932 0.00659148
928 1 0.88944 0.00658545
929 1 0.889559 0.00657943
930 1 0.889677 0.00657343
931 1 0.889796 0.00656743
932 1 0.889914 0.00656145
933 1 0.890032 0.00655547
934 1 0.89015 0.00654951
935 1 0.890267 0.00654356
936 1 0.890385 0.00653761
937 1 0.890502 0.00653168
938 1 0.890618 0.00652576
939 1 0.890735 0.00651984
940 1 0.890851 0.00651394
941 1 0.890967 0.00650805
942 1 0.891083 0.00650217
943 1 0.891198 0.00649629
944 1 0.891314 0.00649043
945 1 0.891429 0.00648458
946 1 0.891543 0.00647874
947 1 0.891658 0.00647291
948 1 0.891772 0.00646709
949 1 0.891886 0.00646127
950 1 0.892 0.00645547
951 1 0.892114 0.00644968
952 1 0.892227 0.0064439
953 1 0.89234 0.00643813
954 1 0.892453 0.00643236
955 1 0.892565 0.00642661
956 1 0.892678 0.00642087
957 1 0.89279 0.00641514
958 1 0.892902 0.00640941
959 1 0.893014 0.0064037
960 1 0.893125 0.006398
961 1 0.893236 0.0063923
962 1 0.893347 0.00638662
963 1 0.893458 0.00638095
964 1 0.893568 0.00637528
965 1 0.893679 0.00636963
966 1 0.893789 0.00636398
967 1 0.893899 0.00635835
968 1 0.894008 0.00635272
969 1 0.894118 0.0063471
970 1 0.894227 0.00634149
971 1 0.894336 0.0063359
972 1 0.894444 0.00633031
973 1 0.894553 0.00632473
974 1 0.894661 0.00631916
975 1 0.894769 0.0063136
976 1 0.894877 0.00630805
977 1 0.894985 0.00630251
978 1 0.895092 0.00629698
979 1 0.895199 0.00629145
980 1 0.895306 0.00628594
981 1 0.895413 0.00628044
982 1 0.895519 0.00627494
983 1 0.895626 0.00626946
984 1 0.895732 0.00626398
985 1 0.895838 0.00625851
986 1 0.895943 0.00625305
987 1 0.896049 0.0062476
988 1 0.896154 0.00624216
989 1 0.896259 0.00623673
990 1 0.896364 0.00623131
991 1 0.896468 0.0062259
992 1 0.896573 0.0062205
993 1 0.896677 0.0062151
994 1 0.896781 0.00620972
995 1 0.896884 0.00620434
996 1 0.896988 0.00619897
997 1 0.897091 0.00619361
998 1 0.897194 0.00618826
999 1 0.897297 0.00618292
1000 1 0.8974 0.00617759
