1 0.2 0.2 0
2 -0.08 0.06 0.14
3 0.04 0.0533333 0.0811035
4 0.2 0.09 0.0680686
5 0.16 0.104 0.0545527
6 0.04 0.0933333 0.0458015
7 -0.2 0.0514286 0.0570475
8 -0.28 0.01 0.0644759
9 -0.24 -0.0177778 0.0632846
10 -0.12 -0.028 0.0575191
11 0.16 -0.0109091 0.0547632
12 0 -0.01 0.05
13 -0.08 -0.0153846 0.0463074
14 0 -0.0142857 0.0428864
15 0.2 3.70074e-18 0.042404
16 0 3.46945e-18 0.0396653
17 0.08 0.00470588 0.037555
18 0.04 0.00666667 0.0354615
19 -0.2 -0.00421053 0.0352627
20 -0.24 -0.016 0.0354698
21 -0.2 -0.0247619 0.0348577
22 -0.32 -0.0381818 0.0358426
23 -0.08 -0.04 0.034297
24 -0.2 -0.0466667 0.0335068
25 -0.04 -0.0464 0.0321397
26 -0.12 -0.0492308 0.0310083
27 0 -0.0474074 0.0298934
28 -0.04 -0.0471429 0.0288072
29 0.24 -0.0372414 0.029507
30 0.4 -0.0226667 0.0320163
31 0.2 -0.0154839 0.0317884
32 0.4 -0.0025 0.0334055
33 0.08 -7.14916e-18 0.0324738
34 0.4 0.0117647 0.0336292
35 0.32 0.0205714 0.0338209
36 0.08 0.0222222 0.0329095
37 -0.24 0.0151351 0.0327829
38 -0.32 0.00631579 0.0331049
39 -0.04 0.00512821 0.0322668
40 0.04 0.006 0.0314618
41 0.12 0.00878049 0.0308106
42 0.24 0.0142857 0.0305679
43 0.24 0.0195349 0.0303066
44 0.16 0.0227273 0.0297814
45 0.12 0.0248889 0.0291922
46 0.24 0.0295652 0.028931
47 0.16 0.0323404 0.0284444
48 0.16 0.035 0.0279723
49 0.44 0.0432653 0.0286151
50 0.36 0.0496 0.0287437
51 0.4 0.0564706 0.0290001
52 0.28 0.0607692 0.02876
53 0.4 0.0671698 0.0289291
54 0.2 0.0696296 0.0284947
55 0.52 0.0778182 0.0291457
56 0.52 0.0857143 0.0296898
57 0.2 0.0877193 0.0292331
58 0.2 0.0896552 0.0287898
59 0.08 0.0894915 0.0282981
60 0.12 0.09 0.0278272
61 0.08 0.0898361 0.0273677
62 0.04 0.0890323 0.0269346
63 0.12 0.0895238 0.0265082
64 0.24 0.091875 0.0261964
65 0.24 0.0941538 0.0258908
66 0.32 0.0975758 0.0257241
67 0.28 0.100299 0.0254831
68 0.08 0.1 0.0251073
69 0.16 0.10087 0.024756
70 0.2 0.102286 0.0244409
71 -0.28 0.0969014 0.0246885
72 0.2 0.0983333 0.0243852
73 0.36 0.101918 0.0243145
74 0.28 0.104324 0.0241041
75 0 0.102933 0.0238212
76 0.08 0.102632 0.0235076
77 0.52 0.108052 0.0238251
78 0.36 0.111282 0.0237385
79 0.16 0.111899 0.0234442
80 -0.04 0.11 0.023227
81 -0.28 0.105185 0.0234383
82 -0.32 0.1 0.0237243
83 -0.32 0.0949398 0.0239768
84 -0.44 0.0885714 0.0245307
85 -0.44 0.0823529 0.0250253
86 -0.4 0.0767442 0.0253606
87 -0.36 0.0717241 0.0255651
88 -0.28 0.0677273 0.025587
89 0.12 0.0683146 0.0253047
90 0.04 0.068 0.0250239
91 -0.12 0.0659341 0.0248335
92 0.24 0.0678261 0.0246349
93 0.04 0.0675269 0.0243704
94 -0.2 0.0646809 0.0242771
95 -0.2 0.0618947 0.0241812
96 -0.36 0.0575 0.0243283
97 -0.12 0.0556701 0.0241456
98 -0.16 0.0534694 0.023999
99 -0.16 0.0513131 0.0238531
100 -0.08 0.05 0.0236498
101 -0.2 0.0475248 0.0235449
102 -0.2 0.045098 0.0234389
103 0.08 0.0454369 0.0232127
104 0 0.045 0.0229926
105 0.04 0.0449524 0.0227726
106 -0.16 0.0430189 0.0226395
107 0.04 0.0429907 0.0224269
108 0 0.0425926 0.0222218
109 0.12 0.0433028 0.0220285
110 0.16 0.0443636 0.0218531
111 0.12 0.045045 0.021666
112 0.16 0.0460714 0.0214962
113 0.44 0.0495575 0.0215885
114 0.24 0.0512281 0.0214634
115 0.16 0.0521739 0.0212969
116 0.08 0.0524138 0.0211139
117 -0.04 0.0516239 0.0209475
118 -0.04 0.0508475 0.0207838
119 -0.28 0.0480672 0.0207951
120 -0.04 0.0473333 0.0206341
121 0.04 0.0472727 0.020463
122 0.2 0.0485246 0.0203331
123 0.12 0.0491057 0.0201755
124 0.12 0.0496774 0.0200203
125 -0.08 0.04864 0.0198866
126 -0.08 0.047619 0.0197545
127 -0.2 0.0456693 0.0196951
128 -0.04 0.045 0.0195521
129 -0.08 0.044031 0.0194241
130 -0.28 0.0415385 0.0194346
131 -0.16 0.04 0.0193469
132 -0.24 0.0378788 0.0193166
133 -0.44 0.0342857 0.0195047
134 -0.52 0.0301493 0.0197956
135 -0.32 0.0275556 0.0198188
136 -0.24 0.0255882 0.0197707
137 -0.2 0.0239416 0.0196948
138 -0.08 0.0231884 0.0195661
139 0.16 0.0241727 0.0194497
140 -0.04 0.0237143 0.0193157
141 -0.12 0.022695 0.0192053
142 0 0.0225352 0.0190702
143 0.12 0.0232168 0.0189487
144 -0.12 0.0222222 0.0188429
145 -0.04 0.0217931 0.0187174
146 -0.12 0.0208219 0.0186141
147 0.04 0.0209524 0.0184875
148 0.08 0.0213514 0.0183665
149 -0.04 0.0209396 0.0182475
150 0.2 0.0221333 0.0181647
151 -0.16 0.0209272 0.0180843
152 0 0.0207895 0.0179654
153 -0.04 0.0203922 0.017852
154 -0.36 0.0179221 0.0179069
155 -0.16 0.0167742 0.017828
156 -0.08 0.0161538 0.0177242
157 0.16 0.0170701 0.0176348
158 0.12 0.0177215 0.0175349
159 0.16 0.0186164 0.0174472
160 -0.08 0.018 0.0173488
161 0.12 0.0186335 0.0172524
162 0.36 0.0207407 0.0172745
163 -0.04 0.0203681 0.0171723
164 0.04 0.0204878 0.0170677
165 0.12 0.0210909 0.0169746
166 0 0.0209639 0.0168725
167 -0.16 0.0198802 0.0168062
168 -0.12 0.0190476 0.0167266
169 -0.12 0.0182249 0.0166476
170 0.04 0.0183529 0.0165499
171 0.16 0.0191813 0.0164737
172 0.32 0.0209302 0.0164707
173 0.16 0.0217341 0.016395
174 0.08 0.022069 0.0163039
175 0 0.0219429 0.016211
176 -0.36 0.0197727 0.016264
177 -0.12 0.0189831 0.0161912
178 0.08 0.0193258 0.0161036
179 -0.2 0.0181006 0.0160602
180 0 0.018 0.015971
181 0.08 0.0183425 0.0158862
182 0.28 0.0197802 0.015864
183 0.24 0.0209836 0.0158229
184 0 0.0208696 0.0157371
185 -0.12 0.0201081 0.0156703
186 -0.16 0.0191398 0.0156159
187 0.16 0.019893 0.0155504
188 0.28 0.0212766 0.0155292
189 0.16 0.0220106 0.0154643
190 0.12 0.0225263 0.0153913
191 -0.04 0.022199 0.015314
192 0.12 0.0227083 0.0152425
193 0.32 0.0242487 0.0152414
194 0.08 0.0245361 0.0151654
195 -0.08 0.024 0.0150969
196 -0.12 0.0232653 0.0150376
197 0.08 0.0235533 0.0149639
198 0.04 0.0236364 0.0148883
199 0 0.0235176 0.0148138
200 -0.2 0.0224 0.0147819
201 -0.16 0.0214925 0.0147361
202 0 0.0213861 0.0146634
203 0.16 0.022069 0.0146069
204 0.24 0.0231373 0.0145743
205 0.24 0.0241951 0.0145416
206 0.2 0.0250485 0.014496
207 -0.04 0.0247343 0.0144292
208 -0.2 0.0236538 0.0144003
209 -0.04 0.0233493 0.0143344
210 0.16 0.024 0.0142808
211 0.44 0.0259716 0.0143491
212 0.32 0.0273585 0.0143484
213 0.08 0.0276056 0.0142831
214 0.08 0.0278505 0.0142183
215 0.16 0.0284651 0.0141653
216 -0.16 0.0275926 0.0141266
217 -0.2 0.0265438 0.0141004
218 -0.12 0.0258716 0.0140516
219 -0.28 0.0244749 0.0140569
220 -0.28 0.0230909 0.0140611
221 0.12 0.0235294 0.0140042
222 -0.04 0.0232432 0.0139439
223 0.12 0.0236771 0.013888
224 -0.08 0.0232143 0.0138336
225 -0.24 0.0220444 0.0138216
226 0.08 0.0223009 0.0137627
227 0.04 0.0223789 0.0137022
228 -0.28 0.0210526 0.0137062
229 -0.04 0.020786 0.0136489
230 0.28 0.021913 0.0136361
231 0.12 0.0223377 0.0135835
232 0.2 0.0231034 0.0135465
233 0.04 0.023176 0.0134884
234 0.12 0.0235897 0.0134371
235 0.44 0.0253617 0.0134966
236 0.16 0.0259322 0.0134514
237 0.24 0.0268354 0.0134249
238 0.24 0.0277311 0.0133984
239 0.16 0.0282845 0.0133537
240 0.32 0.0295 0.0133533
241 0.28 0.0305394 0.0133384
242 0.4 0.0320661 0.0133706
243 0.44 0.0337449 0.0134209
244 0.32 0.034918 0.0134171
245 0.28 0.0359184 0.0133996
246 0.12 0.0362602 0.0133494
247 0.16 0.0367611 0.0133047
248 0.24 0.0375806 0.0132763
249 0.12 0.0379116 0.013227
250 0.08 0.03808 0.0131751
251 0.04 0.0380876 0.0131225
252 0 0.0379365 0.0130712
253 -0.08 0.0374704 0.0130277
254 0.16 0.0379528 0.0129853
255 0.04 0.0379608 0.0129343
256 0.12 0.0382812 0.0128876
257 -0.2 0.0373541 0.0128708
258 -0.4 0.0356589 0.0129324
259 -0.28 0.0344402 0.0129399
260 -0.04 0.0341538 0.0128932
261 -0.16 0.03341 0.0128653
262 -0.16 0.0326718 0.0128373
263 -0.24 0.031635 0.0128304
264 -0.24 0.0306061 0.012823
265 -0.24 0.0295849 0.0128153
266 -0.4 0.0279699 0.0128688
267 -0.24 0.0269663 0.0128597
268 -0.4 0.0253731 0.0129103
269 -0.08 0.0249814 0.0128682
270 -0.08 0.0245926 0.0128263
271 0.12 0.0249446 0.0127838
272 0.36 0.0261765 0.0127961
273 0.2 0.0268132 0.012765
274 0.24 0.0275912 0.0127421
275 0.32 0.0286545 0.0127402
276 0.2 0.0292754 0.0127091
277 0.24 0.0300361 0.012686
278 0.04 0.0300719 0.0126403
279 -0.12 0.0295341 0.0126064
280 -0.04 0.0292857 0.0125637
281 0.16 0.0297509 0.0125276
282 0.2 0.0303546 0.0124977
283 0.44 0.0318021 0.0125373
284 0.08 0.0319718 0.0124942
285 0.12 0.0322807 0.0124541
286 0.36 0.0334266 0.0124633
287 0.12 0.0337282 0.0124235
288 0.12 0.0340278 0.0123839
289 0.28 0.0348789 0.0123703
290 0.16 0.0353103 0.0123351
291 0.2 0.0358763 0.0123056
292 0.28 0.0367123 0.0122919
293 0.08 0.0368601 0.0122507
294 0.08 0.0370068 0.0122099
295 0.04 0.0370169 0.0121684
296 -0.04 0.0367568 0.01213
297 -0.24 0.0358249 0.012125
298 -0.16 0.0351678 0.0121021
299 -0.04 0.0349164 0.0120642
300 0.08 0.0350667 0.0120248
301 -0.2 0.0342857 0.0120102
302 -0.16 0.0336424 0.0119877
303 -0.32 0.0324752 0.0120049
304 -0.24 0.0315789 0.0119989
305 -0.04 0.0313443 0.0119618
306 0.16 0.0317647 0.01193
307 0.12 0.0320521 0.0118946
308 -0.08 0.0316883 0.0118615
309 0.24 0.0323625 0.0118422
310 0.16 0.0327742 0.0118111
311 0.12 0.0330547 0.0117764
312 0.16 0.0334615 0.0117457
313 -0.2 0.0327157 0.0117318
314 -0.28 0.0317197 0.0117367
315 0.12 0.032 0.0117028
316 -0.04 0.0317722 0.0116679
317 -0.04 0.0315457 0.0116333
318 0 0.0314465 0.011597
319 -0.16 0.0308464 0.0115762
320 -0.08 0.0305 0.0115452
321 -0.16 0.0299065 0.0115244
322 -0.08 0.0295652 0.0114937
323 0 0.0294737 0.0114584
324 0 0.0293827 0.0114233
325 -0.08 0.0290462 0.0113931
326 -0.24 0.0282209 0.011388
327 0.12 0.0285015 0.0113566
328 0.08 0.0286585 0.011323
329 0.2 0.0291793 0.0113006
330 0 0.0290909 0.0112666
331 0.08 0.0292447 0.0112336
332 0.04 0.0292771 0.0111997
333 0.16 0.0296697 0.011173
334 0.12 0.0299401 0.0111427
335 0.24 0.0305672 0.0111271
336 0.56 0.0321429 0.0112053
337 0.12 0.0324036 0.011175
338 -0.12 0.0319527 0.011151
339 -0.04 0.0317404 0.0111201
340 -0.04 0.0315294 0.0110894
341 -0.16 0.0309677 0.0110711
342 -0.08 0.0306433 0.0110434
343 0.16 0.0310204 0.0110176
344 0.12 0.0312791 0.0109886
345 -0.12 0.0308406 0.0109655
346 -0.08 0.0305202 0.0109384
347 -0.2 0.0298559 0.0109271
348 -0.08 0.0295402 0.0109002
349 -0.08 0.0292264 0.0108734
350 0 0.0291429 0.0108427
351 -0.12 0.0287179 0.0108201
352 0.08 0.0288636 0.0107903
353 0.28 0.0295751 0.0107832
354 -0.04 0.0293785 0.0107544
355 0 0.0292958 0.0107244
356 0 0.0292135 0.0106946
357 -0.32 0.0282353 0.0107093
358 -0.4 0.0270391 0.0107462
359 -0.24 0.0262953 0.010742
360 0.24 0.0268889 0.0107285
361 0.36 0.0278116 0.0107385
362 0.32 0.0286188 0.0107392
363 0.52 0.0299725 0.0107948
364 0.28 0.0306593 0.0107869
365 0.24 0.0312329 0.0107726
366 0.28 0.0319126 0.0107646
367 0.08 0.0320436 0.0107361
368 -0.12 0.0316304 0.0107148
369 -0.48 0.0302439 0.0107753
370 -0.36 0.0291892 0.0107978
371 -0.28 0.0283558 0.0108009
372 -0.44 0.0270968 0.0108451
373 -0.36 0.026059 0.0108657
374 -0.12 0.0256684 0.0108436
375 -0.12 0.02528 0.0108216
376 0.12 0.0255319 0.0107957
377 0.04 0.0255703 0.0107671
378 0 0.0255026 0.0107388
379 -0.08 0.0252243 0.0107141
380 -0.16 0.0247368 0.010697
381 0 0.0246719 0.010669
382 0.08 0.0248168 0.0106421
383 0.24 0.0253786 0.0106291
384 -0.04 0.0252083 0.0106027
385 -0.2 0.0246234 0.0105913
386 -0.12 0.0242487 0.0105705
387 -0.04 0.0240827 0.0105445
388 -0.36 0.0230928 0.0105637
389 -0.04 0.0229306 0.0105378
390 -0.08 0.0226667 0.0105141
391 -0.2 0.0220972 0.0105026
392 -0.08 0.0218367 0.010479
393 0 0.0217812 0.0104524
394 -0.04 0.0216244 0.0104271
395 -0.12 0.0212658 0.0104068
396 0.2 0.0217172 0.0103903
397 0.2 0.0221662 0.0103738
398 0 0.0221106 0.0103479
399 -0.2 0.0215539 0.0103369
400 -0.16 0.0211 0.010321
401 -0.16 0.0206484 0.0103051
402 -0.12 0.0202985 0.0102854
403 -0.24 0.0196526 0.0102802
404 -0.04 0.019505 0.0102558
405 -0.04 0.019358 0.0102315
406 -0.08 0.0191133 0.0102092
407 -0.16 0.0186732 0.0101936
408 -0.52 0.0173529 0.0102539
409 -0.48 0.0161369 0.0103008
410 -0.16 0.0157073 0.0102846
411 0 0.0156691 0.0102597
412 -0.08 0.0154369 0.0102374
413 -0.12 0.015109 0.0102178
414 -0.08 0.0148792 0.0101957
415 0.16 0.0152289 0.0101771
416 0.16 0.0155769 0.0101586
417 0.28 0.016211 0.010154
418 0.32 0.0169378 0.0101557
419 0.12 0.0171838 0.0101344
420 0.12 0.0174286 0.0101132
421 0.04 0.0174822 0.0100893
422 0 0.0174408 0.0100655
423 -0.16 0.0170213 0.0100504
424 -0.2 0.0165094 0.0100397
425 -0.2 0.016 0.010029
426 -0.16 0.0155869 0.010014
427 0.04 0.015644 0.00999068
428 0.12 0.0158879 0.00997029
429 0.04 0.0159441 0.00994718
430 -0.04 0.015814 0.00992487
431 -0.08 0.0155916 0.00990431
432 -0.04 0.015463 0.0098822
433 -0.28 0.0147806 0.00988293
434 -0.04 0.0146544 0.00986094
435 -0.16 0.0142529 0.00984644
436 0.12 0.0144954 0.00982682
437 0.32 0.0151945 0.0098292
438 0.16 0.0155251 0.00981231
439 -0.08 0.0153075 0.00979235
440 0.08 0.0154545 0.00977117
441 -0.16 0.0150567 0.00975711
442 -0.12 0.0147511 0.0097398
443 -0.08 0.0145372 0.00972014
444 -0.2 0.0140541 0.00971026
445 -0.04 0.0139326 0.00968917
446 0 0.0139013 0.00966747
447 0.2 0.0143177 0.0096548
448 0.28 0.0149107 0.00965146
449 0.08 0.0150557 0.00963104
450 -0.2 0.0145778 0.00962149
451 0.04 0.0146341 0.00960029
452 -0.08 0.0144248 0.00958132
453 0.04 0.0144812 0.00956031
454 -0.12 0.014185 0.00954383
455 -0.04 0.0140659 0.00952357
456 -0.24 0.0135088 0.00951899
457 -0.16 0.0131291 0.00950572
458 0.08 0.0132751 0.00948606
459 0.16 0.0135948 0.00947077
460 0.04 0.0136522 0.00945033
461 0.12 0.0138829 0.00943263
462 -0.04 0.0137662 0.00941292
463 0.2 0.0141685 0.00940117
464 0 0.0141379 0.00938094
465 -0.2 0.0136774 0.00937207
466 -0.12 0.0133906 0.00935633
467 -0.16 0.0130193 0.00934365
468 -0.24 0.0124786 0.00933933
469 -0.08 0.0122814 0.00932148
470 -0.08 0.0120851 0.0093037
471 0.16 0.0123992 0.00928923
472 0.16 0.0127119 0.00927481
473 0.32 0.0133615 0.00927795
474 0.32 0.0140084 0.00928093
475 0.16 0.0143158 0.00926647
476 0.12 0.0145378 0.00924965
477 -0.04 0.0144235 0.00923094
478 0 0.0143933 0.00921166
479 0.08 0.0145303 0.00919343
480 -0.04 0.0144167 0.00917496
481 0.12 0.0146362 0.0091585
482 0.36 0.0153527 0.00916752
483 0.36 0.0160663 0.0091763
484 0.64 0.0173554 0.00924762
485 0.48 0.0183093 0.0092777
486 0.16 0.0186008 0.00926318
487 -0.08 0.0183984 0.00924636
488 -0.08 0.0181967 0.00922959
489 0.16 0.0184867 0.00921526
490 0 0.018449 0.00919651
491 -0.12 0.018167 0.00918209
492 -0.2 0.0177236 0.00917414
493 -0.2 0.0172819 0.00916615
494 0 0.017247 0.00914765
495 -0.08 0.0170505 0.00913126
496 -0.16 0.0166935 0.00911982
497 0.28 0.0172233 0.00911686
498 0.56 0.0183133 0.00916358
499 0.48 0.0192385 0.00919188
500 0.28 0.01976 0.00918829
501 0.32 0.0203593 0.0091895
502 0.28 0.0208765 0.00918575
503 0.36 0.0215507 0.00919222
504 0.4 0.0223016 0.00920465
505 0.24 0.0227327 0.00919651
506 -0.04 0.0226087 0.00917915
507 0.04 0.022643 0.0091611
508 0.12 0.0228346 0.00914505
509 -0.04 0.0227112 0.0091279
510 -0.16 0.0223529 0.00911703
511 -0.24 0.0218395 0.00911364
512 -0.2 0.0214063 0.00910614
513 0.2 0.0217544 0.00909504
514 0.2 0.0221012 0.00908395
515 -0.08 0.0219029 0.00906846
516 -0.4 0.0210853 0.00908772
517 -0.2 0.0206576 0.0090802
518 0.04 0.020695 0.00906273
519 0.2 0.0210405 0.00905185
520 0.08 0.0211538 0.00903514
521 -0.04 0.0210365 0.00901854
522 0.04 0.0210728 0.00900132
523 0.24 0.0214914 0.00899384
524 0.12 0.0216794 0.00897863
525 0.16 0.0219429 0.00896538
526 0.36 0.0225856 0.00897137
527 0.08 0.0226945 0.008955
528 0 0.0226515 0.00893812
529 0.04 0.0226843 0.00892127
530 0.16 0.0229434 0.00890819
531 0 0.0229002 0.0088915
532 -0.12 0.0226316 0.00887884
533 -0.28 0.0220638 0.00888034
534 -0.36 0.0213483 0.00889252
535 0.08 0.0214579 0.00887656
536 0.08 0.0215672 0.00886066
537 -0.12 0.0213035 0.00884807
538 0 0.0212639 0.0088317
539 -0.08 0.0210761 0.0088173
540 0.04 0.0211111 0.00880102
541 0.16 0.0213678 0.00878849
542 0.08 0.021476 0.00877293
543 0.16 0.0217311 0.00876047
544 0.24 0.0221324 0.00875355
545 0.12 0.0223119 0.00873932
546 0 0.0222711 0.0087234
547 -0.08 0.0220841 0.00870944
548 -0.32 0.0214599 0.00871592
549 -0.24 0.0209836 0.00871305
550 -0.04 0.0208727 0.0086979
551 -0.08 0.0206897 0.00868403
552 0.08 0.0207971 0.00866895
553 0.12 0.0209765 0.00865512
554 0 0.0209386 0.00863957
555 0.08 0.021045 0.00862464
556 0.12 0.021223 0.00861096
557 0.32 0.0217594 0.0086122
558 0.28 0.0222222 0.0086092
559 0.36 0.0228265 0.00861501
560 0.16 0.0230714 0.0086031
561 0 0.0230303 0.00858785
562 -0.12 0.0227758 0.00857633
563 -0.16 0.0224512 0.00856724
564 -0.08 0.0222695 0.00855396
565 0.12 0.0224425 0.00854056
566 -0.04 0.0223322 0.00852617
567 0.24 0.022716 0.00851977
568 0.48 0.0235211 0.00854278
569 0.4 0.0241828 0.00855338
570 0 0.0241404 0.00853847
571 0.12 0.0243082 0.00852516
572 0.16 0.0245455 0.00851354
573 -0.08 0.024363 0.00850063
574 -0.12 0.0241115 0.00848954
575 -0.04 0.024 0.00847549
576 -0.04 0.0238889 0.00846149
577 -0.64 0.0227383 0.00852482
578 -0.4 0.0220069 0.00854143
579 -0.2 0.0216235 0.00853528
580 -0.16 0.0213103 0.00852631
581 -0.12 0.0210671 0.00851509
582 -0.12 0.0208247 0.0085039
583 0.04 0.0208576 0.00848937
584 0.04 0.0208904 0.00847488
585 -0.28 0.0203761 0.008476
586 -0.28 0.0198635 0.00847704
587 -0.24 0.0194208 0.00847416
588 0.16 0.0196599 0.00846311
589 0.04 0.0196944 0.0084488
590 0.24 0.0200678 0.00844273
591 0.44 0.0207783 0.00845833
592 0.16 0.0210135 0.0084473
593 -0.2 0.0206408 0.00844128
594 0.08 0.0207407 0.00842765
595 -0.04 0.0206387 0.00841409
596 -0.16 0.0203356 0.00840543
597 -0.08 0.0201675 0.00839302
598 -0.08 0.02 0.00838065
599 -0.04 0.0198998 0.00836724
600 -0.04 0.0198 0.00835388
601 -0.08 0.0196339 0.00834162
602 -0.12 0.019402 0.00833099
603 -0.24 0.0189718 0.00832828
604 -0.04 0.0188742 0.00831505
605 -0.2 0.0185124 0.00830917
606 0.12 0.0186799 0.00829714
607 -0.12 0.0184514 0.00828661
608 -0.08 0.0182895 0.00827455
609 0.08 0.0183908 0.00826158
610 0.04 0.0184262 0.0082481
611 0.24 0.0187889 0.00824257
612 0.12 0.0189542 0.00823075
613 0.16 0.0191843 0.00822054
614 0.24 0.019544 0.00821501
615 -0.04 0.0194472 0.00820221
616 -0.32 0.0188961 0.00820741
617 -0.08 0.0187358 0.00819566
618 0.04 0.0187702 0.00818246
619 0.08 0.0188691 0.00816983
620 0.08 0.0189677 0.00815724
621 0.2 0.0192593 0.00814931
622 0.16 0.0194855 0.00813934
623 0.32 0.0199679 0.00814057
624 0.28 0.0203846 0.00813819
625 0.28 0.0208 0.00813577
626 0.2 0.0210863 0.00812781
627 0.28 0.0214992 0.00812533
628 0.16 0.0217197 0.00811538
629 0.4 0.0223211 0.00812476
630 0.36 0.0228571 0.00812954
631 0.32 0.0233281 0.0081303
632 0.2 0.0236076 0.00812223
633 -0.12 0.0233807 0.00811256
634 -0.12 0.0231546 0.00810291
635 -0.16 0.0228661 0.00809528
636 0 0.0228302 0.00808263
637 0.2 0.0231083 0.00807472
638 0.12 0.0232602 0.00806348
639 0.04 0.0232864 0.0080509
640 0.32 0.02375 0.00805167
641 0.12 0.0239002 0.0080405
642 0.16 0.0241121 0.00803076
643 0.32 0.0245723 0.00803146
644 0.24 0.0249068 0.00802595
645 0.32 0.0253643 0.00802655
646 0.36 0.0258824 0.00803084
647 -0.12 0.0256569 0.00802158
648 -0.12 0.0254321 0.00801235
649 -0.28 0.0249615 0.00801382
650 -0.04 0.0248615 0.00800211
651 0.04 0.0248848 0.00798984
652 0.08 0.0249693 0.00797803
653 -0.12 0.0247473 0.00796889
654 -0.08 0.0245872 0.00795831
655 -0.04 0.0244885 0.00794676
656 -0.08 0.0243293 0.00793624
657 0.08 0.024414 0.0079246
658 -0.2 0.0240729 0.0079199
659 -0.16 0.0237936 0.0079128
660 -0.08 0.0236364 0.00790237
661 -0.04 0.0235401 0.00789099
662 0.08 0.0236254 0.00787952
663 -0.04 0.0235294 0.00786821
664 0 0.023494 0.00785644
665 -0.2 0.0231579 0.00785181
666 0.08 0.0232432 0.00784047
667 0.2 0.0235082 0.00783319
668 -0.04 0.0234132 0.00782204
669 0.32 0.0238565 0.00782291
670 0.48 0.0245373 0.00784084
671 0.12 0.0246796 0.00783044
672 0 0.0246429 0.00781886
673 -0.24 0.0242496 0.00781713
674 -0.12 0.0240356 0.00780846
675 -0.12 0.0238222 0.0077998
676 -0.16 0.0235503 0.007793
677 -0.12 0.0233383 0.00778437
678 -0.16 0.0230678 0.00777758
679 0.04 0.0230928 0.00776616
680 0.08 0.0231765 0.00775518
681 -0.24 0.02279 0.00775342
682 -0.32 0.0222874 0.00775834
683 -0.52 0.0214934 0.00778756
684 -0.2 0.0211696 0.0077829
685 0.04 0.0211971 0.00777158
686 -0.16 0.0209329 0.00776474
687 0 0.0209025 0.00775349
688 0.2 0.0211628 0.00774658
689 0.16 0.0213643 0.00773796
690 0.16 0.0215652 0.00772934
691 0.08 0.0216498 0.00771861
692 0.12 0.0217919 0.00770876
693 0 0.0217605 0.00769769
694 0.16 0.0219597 0.00768918
695 0.24 0.0222734 0.00768451
696 -0.04 0.0221839 0.00767398
697 -0.16 0.0219225 0.00766742
698 -0.08 0.0217765 0.00765782
699 0.04 0.0218026 0.0076469
700 -0.04 0.0217143 0.00763648
701 0.32 0.0221398 0.00763744
702 0.48 0.022792 0.00765439
703 0.4 0.0233286 0.00766231
704 0.2 0.0235795 0.00765553
705 0.2 0.0238298 0.00764876
706 0.12 0.023966 0.00763913
707 0.24 0.0242716 0.00763444
708 0 0.0242373 0.00762372
709 0.12 0.0243724 0.00761416
710 -0.12 0.024169 0.00760615
711 -0.28 0.0237412 0.00760748
712 -0.24 0.0233708 0.00760581
713 -0.16 0.0231136 0.00759949
714 -0.04 0.0230252 0.00758936
715 -0.04 0.0229371 0.00757925
716 -0.08 0.0227933 0.00757002
717 0 0.0227615 0.00755952
718 0.16 0.0229526 0.0075514
719 0.16 0.0231433 0.0075433
720 0 0.0231111 0.00753289
721 -0.28 0.0226907 0.00753417
722 0.08 0.0227701 0.00752415
723 0.2 0.0230152 0.00751773
724 -0.04 0.0229282 0.00750784
725 -0.04 0.0228414 0.00749798
726 -0.32 0.0223691 0.00750252
727 -0.12 0.0221733 0.00749476
728 -0.04 0.0220879 0.00748494
729 0.08 0.0221674 0.00747509
730 -0.04 0.0220822 0.00746533
731 -0.12 0.0218878 0.00745764
732 0.16 0.0220765 0.00744984
733 0.16 0.0222647 0.00744205
734 -0.04 0.0221798 0.00743238
735 -0.12 0.0219864 0.00742479
736 -0.28 0.0215761 0.00742603
737 0.12 0.0217096 0.00741715
738 0.36 0.022168 0.00742127
739 0.16 0.0223545 0.00741356
740 0.16 0.0225405 0.00740588
741 0.24 0.022834 0.00740169
742 0.08 0.0229111 0.00739211
743 0.12 0.0230417 0.00738331
744 0.16 0.0232258 0.00737568
745 0.12 0.0233557 0.00736692
746 0.24 0.0236461 0.00736277
747 0.12 0.0237751 0.00735404
748 0.2 0.0240107 0.00734798
749 0.04 0.024032 0.00733819
750 -0.12 0.02384 0.00733091
751 -0.2 0.0235419 0.00732721
752 -0.24 0.0231915 0.00732585
753 -0.04 0.0231076 0.00731659
754 -0.04 0.0230239 0.00730736
755 0 0.0229934 0.00729774
756 0.16 0.0231746 0.00729034
757 0.2 0.0234082 0.00728444
758 -0.16 0.0231662 0.00727885
759 -0.04 0.023083 0.00726973
760 0.36 0.0235263 0.00727368
761 0.28 0.0238633 0.00727193
762 0.16 0.024042 0.00726458
763 -0.04 0.0239581 0.00725554
764 -0.16 0.0237173 0.00725003
765 -0.16 0.0234771 0.00724453
766 -0.08 0.023342 0.00723633
767 -0.08 0.0232073 0.00722814
768 -0.16 0.0229688 0.00722267
769 -0.04 0.0228869 0.00721373
770 0.16 0.0230649 0.00720656
771 0.16 0.0232425 0.0071994
772 0.04 0.0232642 0.0071901
773 0.28 0.0235964 0.00718847
774 0.32 0.0239793 0.00718938
775 0.08 0.0240516 0.00718046
776 0.12 0.0241753 0.00717227
777 0.2 0.0244015 0.0071666
778 0.2 0.0246272 0.00716094
779 -0.12 0.0244416 0.00715416
780 0 0.0244103 0.00714505
781 0 0.024379 0.00713596
782 0.16 0.0245524 0.00712894
783 0.28 0.0248787 0.0071273
784 0.48 0.0254592 0.00714183
785 0.4 0.0259363 0.00714867
786 0.2 0.0261578 0.007143
787 -0.04 0.0260737 0.00713442
788 -0.04 0.0259898 0.00712585
789 0.04 0.0260076 0.00711684
790 0.16 0.0261772 0.00710984
791 0.24 0.0264475 0.00710599
792 0.28 0.0267677 0.00710423
793 0.28 0.027087 0.00710245
794 0.12 0.027204 0.00709447
795 0.04 0.0272201 0.00708555
796 -0.08 0.0270854 0.00707793
797 -0.04 0.0270013 0.00706954
798 -0.28 0.0266165 0.00707115
799 -0.32 0.0261827 0.00707561
800 -0.32 0.02575 0.00708
801 -0.16 0.0255181 0.00707495
802 -0.28 0.0251372 0.00707639
803 -0.24 0.024807 0.00707528
804 -0.32 0.0243781 0.00707947
805 0 0.0243478 0.00707074
806 0 0.0243176 0.00706202
807 0.08 0.0243866 0.00705361
808 0.04 0.0244059 0.0070449
809 0.16 0.0245735 0.00703818
810 0.16 0.0247407 0.00703147
811 0.24 0.0250062 0.00702781
812 0.32 0.0253695 0.00702855
813 0.08 0.0254367 0.00702022
814 0 0.0254054 0.00701166
815 -0.08 0.0252761 0.00700424
816 0.08 0.0253431 0.00699598
817 0.04 0.0253611 0.00698743
818 0.08 0.0254279 0.0069792
819 0.08 0.0254945 0.00697099
820 0.04 0.0255122 0.00696251
821 0.32 0.0258709 0.00696327
822 0.32 0.0262287 0.00696399
823 0.16 0.0263913 0.00695742
824 0.04 0.0264078 0.006949
825 0.36 0.0268121 0.00695234
826 0.28 0.0271186 0.00695068
827 -0.08 0.0269891 0.00694347
828 -0.28 0.0266184 0.00694499
829 -0.24 0.0262967 0.00694406
830 -0.04 0.0262169 0.00693614
831 0 0.0261853 0.00692786
832 -0.08 0.0260577 0.00692071
833 0 0.0260264 0.00691247
834 0.12 0.0261391 0.00690509
835 0 0.0261078 0.00689689
836 0.16 0.0262679 0.0068905
837 0.16 0.0264277 0.00688411
838 0 0.0263962 0.00687597
839 -0.08 0.0262694 0.00686894
840 -0.04 0.0261905 0.00686121
841 0.2 0.0263971 0.00685616
842 0.4 0.0268409 0.00686237
843 0.2 0.0270463 0.0068573
844 0 0.0270142 0.00684925
845 -0.16 0.0267929 0.00684472
846 -0.24 0.0264775 0.00684389
847 -0.24 0.0261629 0.00684304
848 -0.28 0.0258019 0.0068445
849 -0.4 0.0253004 0.0068548
850 -0.2 0.0250353 0.00685186
851 0.04 0.0250529 0.00684383
852 0.04 0.0250704 0.00683582
853 0 0.025041 0.00682786
854 -0.12 0.0248712 0.00682197
855 0 0.0248421 0.00681405
856 -0.12 0.0246729 0.00680819
857 -0.12 0.0245041 0.00680234
858 -0.12 0.0243357 0.00679649
859 -0.12 0.0241676 0.00679065
860 -0.08 0.0240465 0.00678383
861 -0.12 0.0238792 0.00677802
862 -0.08 0.0237587 0.00677122
863 -0.28 0.0234067 0.00677252
864 -0.24 0.0231019 0.00677155
865 -0.24 0.0227977 0.00677055
866 -0.08 0.022679 0.00676377
867 -0.08 0.0225606 0.006757
868 -0.04 0.0224885 0.0067496
869 -0.28 0.0221404 0.0067508
870 -0.08 0.022023 0.00674406
871 0.04 0.0220436 0.00673635
872 0.04 0.0220642 0.00672865
873 0 0.0220389 0.00672098
874 -0.24 0.0217391 0.00671998
875 0.08 0.0218057 0.00671263
876 -0.08 0.0216895 0.00670597
877 -0.08 0.0215735 0.00669932
878 0 0.021549 0.00669173
879 0.16 0.0217065 0.00668597
880 0.04 0.0217273 0.0066784
881 0.04 0.021748 0.00667085
882 0.2 0.0219501 0.00666634
883 0.12 0.0220612 0.00665971
884 0.08 0.0221267 0.0066525
885 -0.12 0.0219661 0.00664692
886 -0.08 0.021851 0.00664041
887 -0.28 0.0215107 0.00664164
888 -0.24 0.0212162 0.00664069
889 -0.08 0.0211024 0.0066342
890 -0.4 0.0206292 0.00664361
891 -0.36 0.020202 0.00664988
892 -0.2 0.0199552 0.00664701
893 -0.12 0.0197984 0.00664141
894 -0.16 0.0195973 0.00663703
895 0 0.0195754 0.00662964
896 -0.08 0.0194643 0.00662317
897 -0.12 0.0193088 0.00661761
898 -0.32 0.018931 0.00662103
899 -0.28 0.0185984 0.00662201
900 -0.44 0.0180889 0.00663425
901 0.08 0.0181576 0.00662724
902 0.2 0.0183592 0.00662295
903 -0.08 0.0182503 0.00661651
904 -0.16 0.0180531 0.00661213
905 -0.16 0.0178564 0.00660775
906 -0.08 0.0177483 0.00660134
907 -0.04 0.0176847 0.00659436
908 0.08 0.0177533 0.00658745
909 -0.08 0.0176458 0.00658108
910 -0.2 0.0174066 0.00657819
911 0.04 0.0174314 0.00657101
912 0.08 0.0175 0.00656416
913 -0.28 0.0171742 0.00656506
914 0.12 0.0172867 0.00655884
915 0.2 0.0174863 0.00655471
916 0.16 0.0176419 0.0065494
917 -0.08 0.0175354 0.00654312
918 -0.24 0.0172549 0.00654201
919 -0.2 0.0170185 0.00653916
920 -0.04 0.0169565 0.00653234
921 -0.16 0.0167644 0.00652807
922 -0.24 0.0164859 0.00652693
923 0.04 0.0165114 0.00651991
924 0.32 0.0168398 0.00652112
925 0.08 0.0169081 0.00651443
926 0.12 0.0170194 0.00650834
927 -0.04 0.0169579 0.00650161
928 0 0.0169397 0.00649462
929 0.16 0.0170936 0.00648946
930 0.08 0.0171613 0.00648283
931 0.24 0.0174006 0.00648028
932 0.28 0.0176824 0.00647945
933 0 0.0176635 0.00647253
934 -0.08 0.0175589 0.00646645
935 -0.28 0.0172406 0.00646736
936 -0.32 0.0168803 0.00647049
937 -0.16 0.0166916 0.00646633
938 -0.28 0.0163753 0.00646718
939 -0.12 0.01623 0.00646192
940 0.08 0.0162979 0.00645539
941 0.32 0.0166206 0.0064566
942 0.16 0.0167728 0.00645154
943 0.36 0.0171368 0.00645497
944 0.24 0.0173729 0.00645244
945 0.28 0.0176508 0.0064516
946 0.12 0.017759 0.00644569
947 -0.08 0.0176558 0.0064397
948 -0.04 0.0175949 0.00643319
949 -0.12 0.0174499 0.00642805
950 0 0.0174316 0.0064213
951 -0.16 0.017245 0.00641726
952 -0.16 0.0170588 0.00641322
953 -0.24 0.0167891 0.00641216
954 -0.16 0.0166038 0.00640812
955 -0.08 0.0165026 0.0064022
956 -0.12 0.0163598 0.0063971
957 0 0.0163427 0.00639043
958 -0.04 0.0162839 0.00638403
959 0 0.0162669 0.00637739
960 -0.08 0.0161667 0.00637153
961 -0.08 0.0160666 0.00636569
962 0.12 0.0161746 0.00635998
963 -0.12 0.0160332 0.00635495
964 -0.12 0.0158921 0.00634992
965 -0.24 0.0156269 0.00634888
966 -0.28 0.0153209 0.00634968
967 -0.44 0.0148501 0.00636056
968 -0.04 0.0147934 0.00635424
969 0.08 0.0148607 0.00634804
970 0.12 0.0149691 0.00634242
971 0.04 0.0149949 0.00633593
972 0.2 0.0151852 0.00633227
973 0.24 0.0154162 0.00632998
974 0 0.0154004 0.0063235
975 0.08 0.0154667 0.00631736
976 -0.08 0.0153689 0.00631164
977 -0.04 0.0153122 0.00630543
978 0.04 0.0153374 0.00629903
979 0.2 0.015526 0.00629542
980 0.12 0.0156327 0.00628989
981 0.04 0.0156575 0.00628353
982 -0.12 0.0155193 0.00627865
983 0.04 0.0155443 0.0062723
984 0.24 0.0157724 0.00627008
985 0.24 0.016 0.00626784
986 0.2 0.0161866 0.00626426
987 0.12 0.0162918 0.0062588
988 0.24 0.0165182 0.00625656
989 0.4 0.016906 0.00626225
990 0.44 0.0173333 0.0062705
991 0.24 0.017558 0.0062682
992 0.04 0.0175806 0.00626191
993 -0.24 0.0173212 0.00626098
994 -0.16 0.0171429 0.00625722
995 -0.04 0.0170854 0.00625119
996 0.12 0.0171888 0.00624577
997 0.16 0.017332 0.00624115
998 -0.04 0.0172745 0.00623515
999 -0.2 0.0170571 0.0062327
1000 0.08 0.01712 0.00622679
