1 -0.04 -0.04 0
2 -0.28 -0.16 0.12
3 -0.44 -0.253333 0.116237
4 -0.52 -0.32 0.10583
5 -0.52 -0.36 0.091214
6 -0.44 -0.373333 0.0756601
7 -0.28 -0.36 0.0653197
8 -0.28 -0.35 0.0574456
9 -0.44 -0.36 0.0516398
10 -0.52 -0.376 0.0488808
11 -0.28 -0.367273 0.0450674
12 -0.6 -0.386667 0.0454828
13 -0.36 -0.384615 0.0418884
14 -0.36 -0.382857 0.0388209
15 -0.36 -0.381333 0.0361724
16 -0.36 -0.38 0.0338625
17 -0.36 -0.378824 0.03183
18 -0.2 -0.368889 0.0316113
19 -0.28 -0.364211 0.0302651
20 -0.44 -0.368 0.028961
21 -0.36 -0.367619 0.02755
22 -0.44 -0.370909 0.0264731
23 -0.12 -0.36 0.027548
24 -0.28 -0.356667 0.026585
25 -0.2 -0.3504 0.0262582
26 -0.12 -0.341538 0.0267392
27 -0.44 -0.345185 0.0259869
28 -0.52 -0.351429 0.0258082
29 -0.12 -0.343448 0.0261498
30 -0.44 -0.346667 0.0254673
31 -0.2 -0.341935 0.0250823
32 -0.2 -0.3375 0.0246876
33 -0.2 -0.333333 0.0242878
34 -0.36 -0.334118 0.0235757
35 -0.36 -0.334857 0.0229042
36 -0.2 -0.331111 0.0225719
37 -0.36 -0.331892 0.0219672
38 -0.36 -0.332632 0.0213941
39 -0.2 -0.329231 0.021114
40 -0.44 -0.332 0.0207649
41 -0.28 -0.330732 0.0202917
42 -0.36 -0.331429 0.019815
43 -0.6 -0.337674 0.0203318
44 -0.68 -0.345455 0.0213336
45 -0.44 -0.347556 0.0209597
46 -0.44 -0.349565 0.0205973
47 -0.04 -0.342979 0.0212032
48 -0.2 -0.34 0.0209694
49 -0.52 -0.343673 0.020863
50 -0.36 -0.344 0.0204441
51 -0.44 -0.345882 0.0201274
52 -0.2 -0.343077 0.0199349
53 -0.28 -0.341887 0.0195914
54 -0.12 -0.337778 0.0196593
55 -0.6 -0.342545 0.0198788
56 -0.36 -0.342857 0.0195231
57 -0.04 -0.337544 0.0198999
58 -0.28 -0.336552 0.019579
59 -0.28 -0.335593 0.0192681
60 -0.2 -0.333333 0.0190786
61 -0.36 -0.33377 0.0187683
62 -0.28 -0.332903 0.0184835
63 -0.2 -0.330794 0.0183097
64 -0.28 -0.33 0.0180388
65 -0.2 -0.328 0.0178713
66 -0.12 -0.324848 0.0178784
67 -0.36 -0.325373 0.0176174
68 -0.2 -0.323529 0.017454
69 -0.28 -0.322899 0.0172108
70 -0.12 -0.32 0.017209
71 -0.44 -0.32169 0.0170489
72 -0.36 -0.322222 0.0168188
73 -0.44 -0.323836 0.0166651
74 -0.44 -0.325405 0.0165131
75 -0.2 -0.323733 0.0163771
76 -0.04 -0.32 0.0165858
77 -0.28 -0.319481 0.0163772
78 -0.2 -0.317949 0.0162383
79 -0.28 -0.317468 0.0160386
80 -0.52 -0.32 0.0160379
81 -0.44 -0.321481 0.0159078
82 -0.52 -0.323902 0.015898
83 -0.44 -0.325301 0.0157675
84 -0.36 -0.325714 0.0155841
85 -0.52 -0.328 0.0155684
86 -0.44 -0.329302 0.0154413
87 -0.44 -0.330575 0.0153158
88 -0.52 -0.332727 0.015293
89 -0.2 -0.331236 0.0151935
90 -0.28 -0.330667 0.0150345
91 -0.36 -0.330989 0.0148719
92 -0.36 -0.331304 0.0147127
93 -0.44 -0.332473 0.0146005
94 -0.28 -0.331915 0.0144552
95 -0.44 -0.333053 0.0143474
96 -0.36 -0.333333 0.0141999
97 -0.2 -0.331959 0.0141198
98 -0.2 -0.330612 0.0140397
99 -0.28 -0.330101 0.0139066
100 -0.44 -0.3312 0.0138106
101 -0.36 -0.331485 0.0136762
102 -0.2 -0.330196 0.0136026
103 -0.28 -0.329709 0.0134787
104 -0.2 -0.328462 0.0134066
105 -0.52 -0.330286 0.0134031
106 -0.28 -0.329811 0.0132845
107 -0.36 -0.330093 0.0131628
108 -0.44 -0.331111 0.01308
109 -0.44 -0.33211 0.0129979
110 -0.36 -0.332364 0.0128817
111 -0.12 -0.33045 0.0129077
112 -0.36 -0.330714 0.0127946
113 -0.36 -0.330973 0.0126835
114 0.04 -0.327719 0.0129861
115 -0.36 -0.328 0.0128757
116 -0.36 -0.328276 0.0127672
117 -0.12 -0.326496 0.0127822
118 -0.2 -0.325424 0.0127187
119 -0.28 -0.325042 0.0126171
120 -0.44 -0.326 0.0125482
121 -0.36 -0.326281 0.0124472
122 -0.44 -0.327213 0.0123799
123 -0.36 -0.32748 0.0122817
124 -0.28 -0.327097 0.0121883
125 -0.28 -0.32672 0.0120963
126 -0.2 -0.325714 0.012042
127 -0.36 -0.325984 0.0119498
128 -0.2 -0.325 0.0118969
129 -0.36 -0.325271 0.0118074
130 -0.36 -0.325538 0.0117193
131 -0.28 -0.325191 0.0116347
132 -0.04 -0.32303 0.0117466
133 -0.28 -0.322707 0.0116624
134 -0.28 -0.322388 0.0115794
135 -0.2 -0.321481 0.011529
136 -0.2 -0.320588 0.0114788
137 -0.52 -0.322044 0.0114873
138 -0.36 -0.322319 0.011407
139 -0.36 -0.32259 0.0113279
140 -0.44 -0.323429 0.0112779
141 -0.36 -0.323688 0.0112007
142 -0.36 -0.323944 0.0111245
143 -0.44 -0.324755 0.0110762
144 -0.12 -0.323333 0.0110905
145 -0.28 -0.323034 0.0110178
146 -0.36 -0.323288 0.010945
147 -0.2 -0.322449 0.0109026
148 -0.2 -0.321622 0.0108602
149 -0.28 -0.321342 0.0107907
150 -0.44 -0.322133 0.0107477
151 -0.44 -0.322914 0.0107048
152 -0.28 -0.322632 0.0106379
153 -0.36 -0.322876 0.0105709
154 -0.6 -0.324675 0.0106551
155 -0.36 -0.324903 0.0105886
156 -0.12 -0.32359 0.0106022
157 -0.12 -0.322293 0.010614
158 -0.12 -0.321013 0.010624
159 -0.04 -0.319245 0.0107039
160 -0.28 -0.319 0.0106396
161 -0.44 -0.319752 0.0106
162 -0.52 -0.320988 0.0106066
163 -0.28 -0.320736 0.0105444
164 -0.52 -0.321951 0.0105501
165 -0.12 -0.320727 0.0105571
166 -0.44 -0.321446 0.0105179
167 -0.44 -0.322156 0.0104788
168 -0.12 -0.320952 0.0104855
169 -0.2 -0.320237 0.0104478
170 -0.36 -0.320471 0.0103888
171 -0.44 -0.32117 0.0103515
172 -0.44 -0.32186 0.0103143
173 -0.2 -0.321156 0.0102787
174 -0.12 -0.32 0.0102846
175 -0.12 -0.318857 0.0102894
176 -0.28 -0.318636 0.0102331
177 -0.2 -0.317966 0.0101972
178 -0.12 -0.316854 0.0102006
179 -0.28 -0.316648 0.0101455
180 0.12 -0.314222 0.0103765
181 -0.36 -0.314475 0.0103221
182 -0.44 -0.315165 0.0102884
183 -0.36 -0.31541 0.010235
184 -0.44 -0.316087 0.0102017
185 -0.36 -0.316324 0.0101492
186 -0.28 -0.316129 0.0100963
187 -0.36 -0.316364 0.0100449
188 -0.2 -0.315745 0.0100105
189 -0.44 -0.316402 0.00997909
190 -0.52 -0.317474 0.0099841
191 -0.28 -0.317277 0.00993362
192 -0.36 -0.3175 0.00988426
193 -0.44 -0.318135 0.00985337
194 -0.2 -0.317526 0.00982135
195 -0.04 -0.316103 0.00987396
196 -0.52 -0.317143 0.00987838
197 -0.44 -0.317766 0.00984788
198 -0.28 -0.317576 0.00979987
199 -0.52 -0.318593 0.00980342
200 -0.44 -0.3192 0.00977315
201 -0.6 -0.320597 0.00982424
202 -0.2 -0.32 0.00979369
203 -0.44 -0.320591 0.00976324
204 -0.44 -0.321176 0.00973288
205 -0.44 -0.321756 0.00970262
206 -0.36 -0.321942 0.00965719
207 -0.44 -0.322512 0.00962733
208 -0.28 -0.322308 0.00958311
209 -0.28 -0.322105 0.0095393
210 -0.28 -0.321905 0.00949588
211 -0.44 -0.322464 0.00946733
212 -0.68 -0.324151 0.0095723
213 -0.44 -0.324695 0.00954277
214 -0.28 -0.324486 0.00950037
215 -0.36 -0.324651 0.00945752
216 -0.36 -0.324815 0.00941505
217 -0.12 -0.323871 0.00941898
218 -0.28 -0.32367 0.00937783
219 -0.2 -0.323105 0.00935198
220 -0.28 -0.322909 0.00931143
221 -0.36 -0.323077 0.00927072
222 -0.28 -0.322883 0.00923091
223 -0.36 -0.323049 0.00919093
224 -0.36 -0.323214 0.00915129
225 -0.36 -0.323378 0.00911199
226 -0.28 -0.323186 0.00907362
227 -0.28 -0.322996 0.00903556
228 -0.36 -0.323158 0.00899731
229 -0.36 -0.323319 0.00895937
230 -0.52 -0.324174 0.00896123
231 -0.44 -0.324675 0.00893643
232 -0.44 -0.325172 0.0089117
233 -0.44 -0.325665 0.00888705
234 -0.44 -0.326154 0.00886247
235 -0.68 -0.32766 0.00895221
236 -0.2 -0.327119 0.00893059
237 -0.36 -0.327257 0.00889391
238 -0.36 -0.327395 0.00885753
239 -0.12 -0.326527 0.00886298
240 -0.44 -0.327 0.00883863
241 -0.28 -0.326805 0.00880404
242 -0.52 -0.327603 0.00880385
243 -0.52 -0.328395 0.00880322
244 -0.76 -0.330164 0.00894374
245 -0.36 -0.330286 0.00890799
246 -0.36 -0.330407 0.00887253
247 -0.52 -0.331174 0.00886981
248 -0.2 -0.330645 0.00884979
249 -0.12 -0.329799 0.00885468
250 -0.12 -0.32896 0.00885903
251 -0.36 -0.329084 0.00882453
252 -0.36 -0.329206 0.0087903
253 -0.28 -0.329012 0.00875765
254 -0.2 -0.328504 0.00873787
255 -0.12 -0.327686 0.00874186
256 -0.2 -0.327188 0.00872192
257 -0.28 -0.327004 0.00868986
258 -0.28 -0.326822 0.00865803
259 -0.44 -0.327259 0.0086356
260 -0.6 -0.328308 0.00866604
261 -0.28 -0.328123 0.00863476
262 -0.2 -0.327634 0.00861563
263 -0.28 -0.327452 0.00858472
264 -0.36 -0.327576 0.00855303
265 -0.36 -0.327698 0.00852157
266 -0.52 -0.328421 0.0085202
267 -0.2 -0.32794 0.00850184
268 -0.36 -0.32806 0.00847091
269 -0.44 -0.328476 0.00844961
270 -0.44 -0.328889 0.00842839
271 -0.2 -0.328413 0.00841068
272 -0.52 -0.329118 0.00840926
273 -0.44 -0.329524 0.00838824
274 -0.44 -0.329927 0.00836729
275 -0.44 -0.330327 0.00834641
276 -0.44 -0.330725 0.0083256
277 -0.28 -0.330542 0.00829751
278 -0.36 -0.330647 0.00826829
279 -0.6 -0.331613 0.00829497
280 -0.28 -0.331429 0.00826735
281 -0.36 -0.33153 0.0082385
282 -0.2 -0.331064 0.00822248
283 -0.44 -0.331449 0.00820241
284 -0.2 -0.330986 0.00818657
285 -0.36 -0.331088 0.00815843
286 -0.44 -0.331469 0.00813877
287 -0.36 -0.331568 0.00811097
288 -0.44 -0.331944 0.00809152
289 -0.36 -0.332042 0.00806406
290 -0.6 -0.332966 0.00808915
291 -0.28 -0.332784 0.00806336
292 -0.6 -0.333699 0.00808764
293 -0.52 -0.334334 0.00808503
294 -0.44 -0.334694 0.00806549
295 -0.52 -0.335322 0.00806261
296 -0.2 -0.334865 0.00804832
297 -0.36 -0.334949 0.00802162
298 -0.36 -0.335034 0.0079951
299 -0.12 -0.334314 0.00800071
300 -0.36 -0.3344 0.00797445
301 -0.28 -0.334219 0.00794997
302 -0.44 -0.33457 0.00793134
303 -0.44 -0.334917 0.00791277
304 -0.44 -0.335263 0.00789427
305 -0.44 -0.335607 0.00787584
306 -0.04 -0.334641 0.00790928
307 -0.36 -0.334723 0.0078839
308 0.04 -0.333506 0.00795189
309 -0.28 -0.333333 0.007928
310 -0.44 -0.333677 0.00790987
311 -0.28 -0.333505 0.00788629
312 -0.12 -0.332821 0.0078907
313 -0.28 -0.332652 0.00786726
314 -0.36 -0.332739 0.00784265
315 -0.36 -0.332825 0.00781819
316 -0.12 -0.332152 0.00782246
317 0.12 -0.330726 0.00792712
318 -0.12 -0.330063 0.00792989
319 -0.04 -0.329154 0.00795712
320 -0.12 -0.3285 0.00795909
321 -0.36 -0.328598 0.00793487
322 -0.44 -0.328944 0.00791775
323 -0.44 -0.329288 0.00790068
324 -0.44 -0.32963 0.00788367
325 -0.28 -0.329477 0.00786086
326 -0.36 -0.329571 0.00783727
327 -0.44 -0.329908 0.00782056
328 -0.2 -0.329512 0.00780673
329 -0.36 -0.329605 0.00778352
330 -0.28 -0.329455 0.00776135
331 -0.04 -0.32858 0.00778713
332 -0.36 -0.328675 0.00776421
333 0.12 -0.327327 0.00785725
334 -0.04 -0.326467 0.00788078
335 -0.28 -0.326328 0.00785844
336 -0.28 -0.32619 0.00783623
337 -0.2 -0.325816 0.00782192
338 -0.44 -0.326154 0.00780605
339 -0.2 -0.325782 0.00779188
340 -0.28 -0.325647 0.0077701
341 -0.28 -0.325513 0.00774844
342 -0.36 -0.325614 0.0077264
343 -0.28 -0.325481 0.00770499
344 -0.28 -0.325349 0.0076837
345 -0.28 -0.325217 0.00766252
346 -0.2 -0.324855 0.00764891
347 -0.44 -0.325187 0.00763405
348 -0.2 -0.324828 0.00762058
349 -0.36 -0.324928 0.00759938
350 -0.2 -0.324571 0.00758604
351 -0.28 -0.324444 0.00756546
352 -0.28 -0.324318 0.00754499
353 -0.36 -0.324419 0.00752427
354 -0.36 -0.32452 0.00750366
355 -0.44 -0.324845 0.00748956
356 -0.36 -0.324944 0.00746914
357 -0.28 -0.324818 0.00744926
358 -0.44 -0.32514 0.00743538
359 -0.2 -0.324791 0.00742283
360 -0.28 -0.324667 0.00740323
361 -0.36 -0.324765 0.00738334
362 -0.28 -0.324641 0.00736396
363 -0.36 -0.324738 0.00734429
364 -0.2 -0.324396 0.0073321
365 -0.28 -0.324274 0.00731299
366 -0.36 -0.324372 0.00729364
367 -0.36 -0.324469 0.00727438
368 -0.2 -0.32413 0.00726247
369 -0.28 -0.324011 0.00724375
370 -0.04 -0.323243 0.00726481
371 -0.44 -0.323558 0.00725203
372 -0.44 -0.323871 0.00723928
373 -0.44 -0.324182 0.00722656
374 -0.36 -0.324278 0.00720785
375 -0.44 -0.324587 0.00719522
376 -0.52 -0.325106 0.00719485
377 -0.44 -0.325411 0.00718221
378 -0.28 -0.325291 0.00716419
379 -0.36 -0.325383 0.00714585
380 -0.12 -0.324842 0.00714749
381 -0.12 -0.324304 0.00714895
382 -0.2 -0.323979 0.00713763
383 -0.36 -0.324073 0.00711959
384 -0.44 -0.324375 0.00710744
385 -0.44 -0.324675 0.00709532
386 -0.28 -0.32456 0.00707786
387 -0.44 -0.324858 0.00706584
388 -0.36 -0.324948 0.00704819
389 -0.52 -0.32545 0.00704791
390 -0.52 -0.325949 0.00704749
391 -0.2 -0.325627 0.00703682
392 -0.2 -0.325306 0.00702616
393 -0.12 -0.324784 0.0070277
394 -0.28 -0.32467 0.00701076
395 -0.2 -0.324354 0.00700011
396 -0.44 -0.324646 0.00698852
397 -0.28 -0.324534 0.0069718
398 -0.44 -0.324824 0.00696031
399 -0.2 -0.324511 0.00694988
400 -0.28 -0.3244 0.00693338
401 -0.28 -0.324289 0.00691696
402 -0.2 -0.32398 0.00690665
403 -0.2 -0.323672 0.00689636
404 -0.28 -0.323564 0.00688012
405 -0.28 -0.323457 0.00686395
406 -0.36 -0.323547 0.00684761
407 -0.36 -0.323636 0.00683136
408 -0.44 -0.323922 0.00682056
409 -0.28 -0.323814 0.00680471
410 -0.2 -0.323512 0.0067948
411 -0.12 -0.323017 0.00679631
412 -0.36 -0.323107 0.00678039
413 -0.36 -0.323196 0.00676455
414 -0.36 -0.323285 0.00674877
415 -0.12 -0.322795 0.00675029
416 -0.28 -0.322692 0.00673483
417 -0.44 -0.322974 0.00672454
418 -0.6 -0.323636 0.00674109
419 -0.36 -0.323723 0.00672555
420 -0.36 -0.32381 0.00671007
421 -0.52 -0.324276 0.00671031
422 -0.2 -0.323981 0.00670087
423 -0.2 -0.323688 0.00669143
424 -0.28 -0.323585 0.00667642
425 -0.36 -0.323671 0.00666125
426 -0.2 -0.32338 0.00665193
427 -0.36 -0.323466 0.00663689
428 -0.44 -0.323738 0.00662696
429 -0.36 -0.323823 0.00661203
430 -0.44 -0.324093 0.00660217
431 -0.44 -0.324362 0.00659232
432 -0.6 -0.325 0.00660792
433 -0.36 -0.325081 0.00659314
434 -0.36 -0.325161 0.00657842
435 -0.44 -0.325425 0.00656859
436 -0.52 -0.325872 0.00656868
437 -0.44 -0.326133 0.00655883
438 -0.52 -0.326575 0.00655879
439 -0.36 -0.326651 0.00654428
440 -0.52 -0.327091 0.00654416
441 -0.28 -0.326984 0.00653018
442 -0.36 -0.327059 0.00651581
443 -0.28 -0.326953 0.00650196
444 -0.36 -0.327027 0.00648772
445 -0.36 -0.327101 0.00647355
446 -0.28 -0.326996 0.00645988
447 -0.2 -0.326711 0.00645167
448 -0.44 -0.326964 0.00644222
449 -0.2 -0.326682 0.00643408
450 -0.28 -0.326578 0.0064206
451 -0.36 -0.326652 0.00640678
452 -0.2 -0.326372 0.00639872
453 -0.2 -0.326093 0.00639068
454 -0.36 -0.326167 0.00637702
455 -0.2 -0.32589 0.00636903
456 -0.2 -0.325614 0.00636104
457 -0.28 -0.325514 0.00634789
458 -0.28 -0.325415 0.00633479
459 -0.36 -0.32549 0.00632143
460 -0.12 -0.325043 0.00632347
461 -0.44 -0.325293 0.00631466
462 -0.28 -0.325195 0.00630174
463 -0.44 -0.325443 0.006293
464 -0.2 -0.325172 0.00628524
465 -0.12 -0.324731 0.00628721
466 -0.12 -0.324292 0.00628907
467 -0.12 -0.323854 0.00629082
468 -0.36 -0.323932 0.00627784
469 -0.28 -0.323838 0.00626514
470 -0.6 -0.324426 0.00627935
471 -0.6 -0.325011 0.00629326
472 -0.52 -0.325424 0.00629348
473 -0.6 -0.326004 0.00630693
474 -0.52 -0.326414 0.00630691
475 -0.12 -0.325979 0.0063086
476 -0.44 -0.326218 0.00629989
477 -0.52 -0.326625 0.00629978
478 -0.52 -0.327029 0.00629959
479 -0.28 -0.326931 0.00628719
480 -0.04 -0.326333 0.00630249
481 -0.36 -0.326403 0.00628977
482 -0.44 -0.326639 0.00628113
483 -0.28 -0.326542 0.00626885
484 -0.6 -0.327107 0.00628135
485 -0.52 -0.327505 0.00628099
486 -0.44 -0.327737 0.00627232
487 -0.36 -0.327803 0.00625978
488 -0.36 -0.327869 0.00624729
489 -0.44 -0.328098 0.00623872
490 -0.36 -0.328163 0.00622631
491 -0.36 -0.328228 0.00621395
492 -0.52 -0.328618 0.00621355
493 -0.52 -0.329006 0.00621307
494 -0.2 -0.328745 0.00620598
495 -0.36 -0.328808 0.00619375
496 -0.52 -0.329194 0.00619326
497 -0.36 -0.329256 0.0061811
498 -0.6 -0.329799 0.00619258
499 -0.44 -0.33002 0.0061841
500 -0.44 -0.33024 0.00617564
501 -0.36 -0.330299 0.00616359
502 -0.28 -0.330199 0.00615212
503 -0.36 -0.330258 0.00614016
504 -0.6 -0.330794 0.00615129
505 -0.6 -0.331327 0.0061622
506 -0.44 -0.331542 0.00615376
507 -0.6 -0.332071 0.00616439
508 -0.28 -0.331969 0.0061531
509 -0.44 -0.332181 0.00614467
510 -0.28 -0.332078 0.00613346
511 -0.36 -0.332133 0.00612169
512 -0.28 -0.332031 0.00611057
513 -0.12 -0.331618 0.00611263
514 -0.44 -0.331829 0.00610437
515 -0.2 -0.331573 0.00609788
516 -0.44 -0.331783 0.00608968
517 -0.44 -0.331992 0.00608149
518 -0.28 -0.331892 0.00607057
519 -0.36 -0.331946 0.00605911
520 -0.44 -0.332154 0.00605101
521 -0.2 -0.3319 0.00604471
522 -0.12 -0.331494 0.00604676
523 -0.28 -0.331396 0.00603599
524 -0.2 -0.331145 0.00602968
525 -0.36 -0.3312 0.00601843
526 -0.28 -0.331103 0.00600777
527 -0.28 -0.331006 0.00599714
528 -0.52 -0.331364 0.00599647
529 -0.44 -0.331569 0.00598864
530 -0.44 -0.331774 0.00598083
531 -0.36 -0.331827 0.00596979
532 -0.28 -0.331729 0.00595936
533 -0.44 -0.331932 0.00595164
534 -0.28 -0.331835 0.00594128
535 -0.2 -0.331589 0.00593528
536 -0.36 -0.331642 0.00592443
537 -0.04 -0.331099 0.00593828
538 -0.28 -0.331004 0.00592799
539 -0.36 -0.331058 0.00591722
540 -0.28 -0.330963 0.00590701
541 -0.04 -0.330425 0.00592056
542 -0.44 -0.330627 0.00591309
543 -0.36 -0.330681 0.00590243
544 -0.36 -0.330735 0.00589182
545 -0.28 -0.330642 0.00588174
546 -0.36 -0.330696 0.0058712
547 -0.52 -0.331042 0.00587067
548 -0.44 -0.331241 0.00586332
549 -0.36 -0.331293 0.00585286
550 -0.44 -0.331491 0.00584555
551 -0.44 -0.331688 0.00583826
552 -0.36 -0.331739 0.0058279
553 -0.44 -0.331935 0.00582064
554 -0.36 -0.331986 0.00581035
555 -0.28 -0.331892 0.00580062
556 -0.36 -0.331942 0.0057904
557 -0.28 -0.331849 0.00578075
558 -0.2 -0.331613 0.00577522
559 -0.52 -0.33195 0.00577472
560 -0.28 -0.331857 0.00576514
561 -0.44 -0.33205 0.00575808
562 -0.52 -0.332384 0.00575755
563 -0.52 -0.332718 0.00575697
564 -0.36 -0.332766 0.00574695
565 -0.44 -0.332956 0.00573991
566 -0.12 -0.33258 0.0057421
567 -0.44 -0.332769 0.0057351
568 -0.52 -0.333099 0.00573447
569 -0.44 -0.333286 0.00572747
570 0.04 -0.332632 0.0057548
571 -0.28 -0.332539 0.00574545
572 -0.2 -0.332308 0.00574007
573 -0.12 -0.331937 0.00574201
574 -0.2 -0.331707 0.00573661
575 -0.44 -0.331896 0.00572972
576 -0.36 -0.331944 0.00571997
577 -0.44 -0.332132 0.00571312
578 -0.36 -0.33218 0.00570343
579 -0.2 -0.331952 0.00569815
580 -0.36 -0.332 0.00568852
581 -0.2 -0.331773 0.00568326
582 -0.28 -0.331684 0.00567419
583 -0.2 -0.331458 0.00566895
584 -0.2 -0.331233 0.00566371
585 -0.2 -0.331009 0.00565846
586 -0.44 -0.331195 0.00565186
587 -0.44 -0.33138 0.00564527
588 -0.04 -0.330884 0.0056574
589 -0.12 -0.330526 0.00565913
590 -0.44 -0.330712 0.00565257
591 -0.6 -0.331168 0.00566137
592 -0.44 -0.331351 0.00565479
593 -0.44 -0.331535 0.00564821
594 -0.44 -0.331717 0.00564165
595 -0.28 -0.33163 0.00563283
596 -0.2 -0.331409 0.00562771
597 -0.36 -0.331457 0.00561848
598 -0.28 -0.331371 0.00560974
599 -0.2 -0.331152 0.00560466
600 -0.28 -0.331067 0.00559596
601 -0.36 -0.331115 0.00558685
602 -0.36 -0.331163 0.00557776
603 0.04 -0.330547 0.00560242
604 -0.28 -0.330464 0.00559377
605 -0.2 -0.330248 0.00558867
606 -0.44 -0.330429 0.00558238
607 -0.28 -0.330346 0.0055738
608 -0.36 -0.330395 0.00556484
609 -0.2 -0.330181 0.00555982
610 -0.28 -0.330098 0.0055513
611 -0.2 -0.329885 0.0055463
612 -0.2 -0.329673 0.00554129
613 -0.28 -0.329592 0.00553284
614 -0.28 -0.329511 0.00552441
615 -0.44 -0.329691 0.00551835
616 -0.36 -0.32974 0.0055096
617 -0.36 -0.329789 0.00550088
618 -0.44 -0.329968 0.00549487
619 -0.44 -0.330145 0.00548886
620 -0.36 -0.330194 0.00548022
621 -0.52 -0.330499 0.00547991
622 -0.04 -0.330032 0.005491
623 -0.36 -0.33008 0.00548239
624 -0.2 -0.329872 0.00547756
625 -0.44 -0.330048 0.00547163
626 -0.2 -0.32984 0.00546683
627 -0.36 -0.329888 0.00545832
628 -0.28 -0.329809 0.0054502
629 -0.6 -0.330238 0.00545845
630 -0.44 -0.330413 0.00545257
631 -0.2 -0.330206 0.00544784
632 -0.2 -0.33 0.00544311
633 -0.2 -0.329795 0.00543839
634 -0.52 -0.330095 0.00543808
635 -0.28 -0.330016 0.00543009
636 -0.12 -0.329686 0.00543159
637 -0.36 -0.329733 0.00542326
638 -0.44 -0.329906 0.00541751
639 -0.2 -0.329703 0.00541285
640 -0.44 -0.329875 0.00540713
641 -0.36 -0.329922 0.00539889
642 -0.28 -0.329844 0.00539104
643 -0.28 -0.329767 0.00538321
644 -0.36 -0.329814 0.00537505
645 -0.44 -0.329984 0.00536942
646 -0.28 -0.329907 0.00536166
647 -0.12 -0.329583 0.00536319
648 -0.2 -0.329383 0.00535864
649 -0.28 -0.329307 0.00535092
650 -0.2 -0.329108 0.00534638
651 -0.04 -0.328664 0.00535661
652 -0.2 -0.328466 0.00535202
653 -0.28 -0.328392 0.00534434
654 -0.28 -0.328318 0.00533667
655 -0.36 -0.328366 0.00532874
656 -0.28 -0.328293 0.00532112
657 -0.36 -0.328341 0.00531323
658 -0.2 -0.328146 0.00530874
659 -0.44 -0.328316 0.00530339
660 -0.36 -0.328364 0.00529557
661 -0.28 -0.32829 0.00528806
662 -0.52 -0.32858 0.005288
663 -0.44 -0.328748 0.00528269
664 -0.44 -0.328916 0.00527739
665 -0.04 -0.328481 0.00528733
666 -0.28 -0.328408 0.00527988
667 -0.36 -0.328456 0.00527217
668 -0.36 -0.328503 0.00526449
669 -0.6 -0.328909 0.00527225
670 -0.36 -0.328955 0.00526458
671 -0.36 -0.329001 0.00525693
672 -0.2 -0.32881 0.00525262
673 -0.28 -0.328737 0.00524531
674 -0.12 -0.328427 0.00524667
675 -0.04 -0.328 0.00525628
676 -0.44 -0.328166 0.00525112
677 -0.44 -0.328331 0.00524596
678 -0.28 -0.32826 0.0052387
679 -0.28 -0.328189 0.00523146
680 -0.44 -0.328353 0.00522635
681 -0.44 -0.328517 0.00522124
682 -0.36 -0.328563 0.00521379
683 -0.28 -0.328492 0.00520663
684 -0.36 -0.328538 0.00519922
685 -0.44 -0.328701 0.00519417
686 -0.36 -0.328746 0.0051868
687 -0.28 -0.328675 0.00517973
688 -0.28 -0.328605 0.00517268
689 -0.36 -0.32865 0.00516536
690 -0.28 -0.32858 0.00515836
691 -0.36 -0.328625 0.00515109
692 -0.12 -0.328324 0.00515246
693 -0.28 -0.328254 0.0051455
694 -0.12 -0.327954 0.00514683
695 -0.28 -0.327885 0.00513988
696 -0.36 -0.327931 0.0051327
697 -0.36 -0.327977 0.00512554
698 -0.12 -0.327679 0.00512686
699 -0.28 -0.327611 0.00511997
700 -0.12 -0.327314 0.00512125
701 -0.28 -0.327247 0.00511438
702 -0.52 -0.327521 0.00511447
703 -0.52 -0.327795 0.00511452
704 -0.04 -0.327386 0.00512358
705 -0.04 -0.326979 0.00513252
706 -0.28 -0.326912 0.00512568
707 -0.2 -0.326733 0.00512157
708 0.04 -0.326215 0.0051405
709 -0.44 -0.326375 0.00513575
710 -0.36 -0.326423 0.00512873
711 -0.52 -0.326695 0.00512874
712 -0.12 -0.326404 0.00512976
713 -0.36 -0.326452 0.00512277
714 -0.36 -0.326499 0.00511581
715 -0.04 -0.326098 0.00512434
716 -0.6 -0.32648 0.00513146
717 -0.28 -0.326416 0.00512471
718 -0.36 -0.326462 0.00511778
719 -0.28 -0.326398 0.00511106
720 -0.28 -0.326333 0.00510437
721 -0.36 -0.32638 0.0050975
722 -0.2 -0.326205 0.00509344
723 -0.36 -0.326252 0.0050866
724 -0.36 -0.326298 0.00507979
725 -0.36 -0.326345 0.00507299
726 -0.28 -0.326281 0.0050664
727 -0.28 -0.326217 0.00505983
728 -0.04 -0.325824 0.00506814
729 -0.2 -0.325652 0.00506413
730 -0.28 -0.325589 0.00505757
731 -0.2 -0.325417 0.00505357
732 -0.2 -0.325246 0.00504957
733 -0.36 -0.325293 0.0050429
734 -0.12 -0.325014 0.00504378
735 -0.28 -0.324952 0.00503729
736 -0.36 -0.325 0.00503067
737 -0.36 -0.325047 0.00502406
738 -0.28 -0.324986 0.00501762
739 -0.2 -0.324817 0.00501368
740 -0.2 -0.324649 0.00500974
741 -0.28 -0.324588 0.00500334
742 -0.36 -0.324636 0.00499682
743 -0.44 -0.324791 0.0049925
744 -0.36 -0.324839 0.00498601
745 -0.44 -0.324993 0.00498171
746 -0.28 -0.324933 0.0049754
747 -0.2 -0.324766 0.00497155
748 -0.52 -0.325027 0.00497175
749 -0.28 -0.324967 0.00496547
750 -0.12 -0.324693 0.00496637
751 -0.36 -0.32474 0.00495998
752 -0.52 -0.325 0.00496018
753 -0.28 -0.32494 0.00495395
754 -0.28 -0.324881 0.00494773
755 -0.36 -0.324927 0.00494139
756 -0.36 -0.324974 0.00493507
757 -0.52 -0.325231 0.00493528
758 -0.12 -0.32496 0.00493619
759 -0.04 -0.324585 0.00494396
760 -0.2 -0.324421 0.00494017
761 -0.2 -0.324258 0.00493638
762 -0.12 -0.32399 0.00493718
763 -0.2 -0.323827 0.00493338
764 -0.36 -0.323874 0.00492715
765 -0.36 -0.323922 0.00492093
766 -0.28 -0.323864 0.00491484
767 -0.44 -0.324016 0.00491076
768 -0.2 -0.323854 0.00490702
769 -0.28 -0.323797 0.00490097
770 -0.28 -0.32374 0.00489493
771 -0.28 -0.323684 0.0048889
772 -0.2 -0.323523 0.0048852
773 -0.28 -0.323467 0.0048792
774 -0.28 -0.323411 0.00487321
775 -0.28 -0.323355 0.00486724
776 -0.36 -0.323402 0.0048612
777 -0.44 -0.323552 0.00485725
778 -0.2 -0.323393 0.00485361
779 -0.44 -0.323543 0.00484968
780 -0.28 -0.323487 0.00484378
781 -0.44 -0.323636 0.00483988
782 -0.28 -0.323581 0.004834
783 -0.28 -0.323525 0.00482815
784 -0.36 -0.323571 0.00482221
785 -0.28 -0.323516 0.00481638
786 -0.28 -0.323461 0.00481057
787 -0.2 -0.323304 0.00480701
788 -0.28 -0.323249 0.00480122
789 -0.12 -0.322991 0.00480205
790 -0.44 -0.323139 0.00479825
791 -0.2 -0.322984 0.00479471
792 -0.28 -0.322929 0.00478896
793 -0.2 -0.322774 0.00478543
794 -0.28 -0.32272 0.0047797
795 -0.52 -0.322969 0.00478013
796 -0.04 -0.322613 0.00478734
797 -0.28 -0.32256 0.00478163
798 -0.44 -0.322707 0.0047779
799 -0.52 -0.322954 0.0047783
800 -0.52 -0.3232 0.00477868
801 -0.2 -0.323046 0.00477518
802 -0.44 -0.323192 0.00477146
803 -0.04 -0.322839 0.00477854
804 -0.36 -0.322886 0.00477282
805 -0.44 -0.323031 0.0047691
806 -0.36 -0.323077 0.0047634
807 -0.28 -0.323024 0.0047578
808 -0.28 -0.32297 0.0047522
809 -0.52 -0.323214 0.00475257
810 -0.52 -0.323457 0.00475291
811 -0.36 -0.323502 0.00474726
812 -0.52 -0.323744 0.00474758
813 -0.44 -0.323887 0.0047439
814 -0.36 -0.323931 0.00473827
815 -0.44 -0.324074 0.0047346
816 -0.36 -0.324118 0.004729
817 -0.36 -0.324162 0.00472341
818 -0.2 -0.32401 0.00472007
819 -0.44 -0.324151 0.00471643
820 -0.44 -0.324293 0.0047128
821 -0.2 -0.324141 0.00470949
822 -0.36 -0.324185 0.00470396
823 -0.52 -0.324423 0.00470426
824 -0.52 -0.32466 0.00470454
825 -0.44 -0.3248 0.00470091
826 -0.44 -0.324939 0.00469729
827 -0.28 -0.324885 0.00469192
828 -0.44 -0.325024 0.00468831
829 -0.44 -0.325163 0.0046847
830 -0.2 -0.325012 0.00468149
831 -0.36 -0.325054 0.00467604
832 -0.44 -0.325192 0.00467246
833 -0.28 -0.325138 0.00466716
834 -0.36 -0.32518 0.00466175
835 -0.28 -0.325126 0.00465648
836 -0.36 -0.325167 0.00465109
837 -0.28 -0.325114 0.00464584
838 -0.12 -0.324869 0.00464675
839 -0.04 -0.324529 0.00465361
840 -0.12 -0.324286 0.00465444
841 -0.2 -0.324138 0.00465125
842 -0.28 -0.324086 0.00464602
843 -0.2 -0.323938 0.00464284
844 -0.28 -0.323886 0.00463762
845 -0.44 -0.324024 0.00463417
846 -0.36 -0.324066 0.00462888
847 -0.28 -0.324014 0.00462371
848 -0.28 -0.323962 0.00461854
849 -0.36 -0.324005 0.0046133
850 -0.2 -0.323859 0.00461018
851 -0.36 -0.323901 0.00460495
852 -0.36 -0.323944 0.00459974
853 -0.28 -0.323892 0.00459463
854 -0.28 -0.323841 0.00458954
855 -0.28 -0.323789 0.00458445
856 -0.44 -0.323925 0.0045811
857 -0.52 -0.324154 0.00458147
858 -0.36 -0.324196 0.00457632
859 -0.2 -0.324051 0.00457328
860 -0.12 -0.323814 0.00457411
861 -0.28 -0.323763 0.00456908
862 -0.44 -0.323898 0.00456577
863 -0.6 -0.324218 0.00457168
864 -0.44 -0.324352 0.00456835
865 -0.6 -0.324671 0.00457418
866 -0.44 -0.324804 0.00457084
867 -0.52 -0.325029 0.00457111
868 -0.44 -0.325161 0.00456776
869 -0.44 -0.325293 0.00456442
870 -0.2 -0.325149 0.00456144
871 -0.28 -0.325098 0.0045565
872 -0.52 -0.325321 0.00455675
873 -0.76 -0.325819 0.00457868
874 -0.28 -0.325767 0.00457374
875 -0.04 -0.32544 0.00458017
876 -0.2 -0.325297 0.00457718
877 -0.44 -0.325428 0.00457383
878 -0.36 -0.325467 0.00456879
879 -0.2 -0.325324 0.00456582
880 -0.36 -0.325364 0.0045608
881 -0.36 -0.325403 0.00455579
882 -0.2 -0.325261 0.00455284
883 -0.44 -0.325391 0.00454954
884 -0.28 -0.325339 0.00454468
885 -0.28 -0.325288 0.00453983
886 -0.28 -0.325237 0.00453499
887 -0.52 -0.325457 0.00453519
888 -0.04 -0.325135 0.00454147
889 0.04 -0.324724 0.00455492
890 -0.6 -0.325034 0.0045603
891 -0.44 -0.325163 0.004557
892 -0.52 -0.325381 0.00455713
893 -0.28 -0.32533 0.00455231
894 -0.2 -0.32519 0.00454937
895 -0.36 -0.325229 0.00454445
896 -0.28 -0.325179 0.00453966
897 -0.2 -0.325039 0.00453674
898 -0.52 -0.325256 0.00453688
899 -0.44 -0.325384 0.00453363
900 -0.44 -0.325511 0.00453038
901 -0.36 -0.325549 0.00452551
902 -0.44 -0.325676 0.00452227
903 -0.44 -0.325803 0.00451904
904 -0.36 -0.325841 0.00451419
905 -0.36 -0.325878 0.00450936
906 -0.28 -0.325828 0.00450467
907 -0.28 -0.325777 0.00449998
908 -0.44 -0.325903 0.00449678
909 -0.36 -0.325941 0.00449199
910 -0.6 -0.326242 0.00449714
911 -0.36 -0.326279 0.00449236
912 -0.36 -0.326316 0.00448758
913 -0.36 -0.326353 0.00448282
914 -0.44 -0.326477 0.00447963
915 -0.36 -0.326514 0.00447489
916 -0.12 -0.326288 0.00447568
917 -0.36 -0.326325 0.00447095
918 -0.52 -0.326536 0.00447106
919 -0.28 -0.326485 0.00446647
920 -0.04 -0.326174 0.00447247
921 -0.12 -0.32595 0.00447322
922 -0.52 -0.326161 0.00447332
923 -0.36 -0.326197 0.00446862
924 -0.12 -0.325974 0.00446935
925 -0.04 -0.325665 0.00447521
926 -0.36 -0.325702 0.00447053
927 -0.04 -0.325394 0.00447633
928 -0.2 -0.325259 0.00447354
929 -0.36 -0.325296 0.00446888
930 -0.44 -0.325419 0.00446578
931 -0.36 -0.325456 0.00446113
932 -0.12 -0.325236 0.00446179
933 -0.36 -0.325273 0.00445716
934 -0.28 -0.325225 0.00445265
935 -0.68 -0.325604 0.00446404
936 -0.44 -0.325726 0.00446094
937 -0.44 -0.325848 0.00445785
938 -0.6 -0.326141 0.00446268
939 -0.28 -0.326092 0.00445819
940 -0.36 -0.326128 0.00445359
941 -0.44 -0.326249 0.0044505
942 -0.12 -0.32603 0.00445116
943 -0.28 -0.325981 0.00444671
944 -0.2 -0.325847 0.004444
945 -0.2 -0.325714 0.00444129
946 -0.36 -0.325751 0.00443674
947 -0.36 -0.325787 0.0044322
948 -0.12 -0.32557 0.00443284
949 -0.44 -0.32569 0.00442981
950 -0.36 -0.325726 0.00442529
951 -0.36 -0.325762 0.00442078
952 -0.2 -0.32563 0.00441811
953 -0.36 -0.325666 0.00441362
954 -0.44 -0.325786 0.00441062
955 -0.28 -0.325738 0.00440626
956 -0.36 -0.325774 0.0044018
957 -0.36 -0.32581 0.00439734
958 -0.44 -0.325929 0.00439436
959 -0.12 -0.325714 0.00439503
960 0.2 -0.325167 0.00442447
961 -0.2 -0.325036 0.00442178
962 -0.12 -0.324823 0.00442232
963 0.04 -0.324444 0.00443394
964 -0.28 -0.324398 0.00442958
965 -0.44 -0.324518 0.00442661
966 -0.28 -0.324472 0.00442226
967 -0.28 -0.324426 0.00441793
968 -0.36 -0.324463 0.00441351
969 -0.36 -0.324499 0.00440911
970 -0.2 -0.324371 0.00440643
971 -0.12 -0.324161 0.00440692
972 -0.2 -0.324033 0.00440423
973 -0.44 -0.324152 0.00440132
974 -0.36 -0.324189 0.00439695
975 -0.52 -0.32439 0.00439703
976 -0.44 -0.324508 0.00439412
977 -0.28 -0.324463 0.00438986
978 -0.28 -0.324417 0.0043856
979 -0.36 -0.324454 0.00438127
980 -0.28 -0.324408 0.00437703
981 -0.2 -0.324281 0.00437441
982 -0.2 -0.324155 0.00437178
983 -0.2 -0.324028 0.00436916
984 -0.28 -0.323984 0.00436494
985 -0.2 -0.323858 0.00436233
986 -0.2 -0.323732 0.00435971
987 -0.52 -0.323931 0.00435983
988 -0.44 -0.324049 0.004357
989 -0.28 -0.324004 0.00435282
990 -0.36 -0.32404 0.00434857
991 -0.2 -0.323915 0.00434598
992 0.04 -0.323548 0.00435707
993 -0.36 -0.323585 0.00435284
994 -0.36 -0.323622 0.00434861
995 -0.28 -0.323578 0.00434446
996 -0.28 -0.323534 0.00434031
997 -0.44 -0.323651 0.00433753
998 -0.44 -0.323768 0.00433475
999 -0.28 -0.323724 0.00433063
1000 -0.44 -0.32384 0.00432786
